Epoch	AverageEpRet	StdEpRet	MaxEpRet	MinEpRet	EpLen	AverageVVals	StdVVals	MaxVVals	MinVVals	TotalEnvInteracts	LossPi	LossV	DeltaLossPi	DeltaLossV	Entropy	KL	ClipFrac	StopIter	Time
0	-1725.093	117.065765	-1482.9292	-1899.3525	200.0	0.047838684	0.035768155	0.2521987	-0.1670354	12000	-1.1603038e-07	966844.56	-0.0014794571	-168226.62	0.9248651	0.004173089	0.01525	79.0	9.358699798583984
1	-1711.8887	110.700836	-1492.1343	-1890.4569	200.0	-102.88663	0.0012455593	-102.84724	-102.88678	24000	-5.9286755e-08	790098.25	-0.001131812	-127470.69	0.9157031	0.0031748724	0.0195	79.0	18.192359924316406
2	-1726.1168	119.304985	-1389.9126	-1912.6803	200.0	-191.73454	0.0015123942	-191.70288	-191.73471	36000	-9.8546344e-08	669828.9	-0.0006163915	-104938.75	0.92484766	0.0026270149	0.008916667	79.0	27.0698823928833
3	-1722.1387	113.69593	-1498.3667	-1906.6997	200.0	-274.35638	0.0009964212	-274.3344	-274.35657	48000	-5.1498414e-08	562380.56	-0.0022283841	-84735.47	0.9248477	0.005265768	0.032	79.0	35.894206523895264
4	-1714.1552	109.93122	-1483.5284	-1892.0381	200.0	-350.76984	0.0013103453	-350.74258	-350.7699	60000	2.5431316e-08	478227.94	-0.00257307	-67835.53	0.9441978	0.005489999	0.037	79.0	44.71491551399231
5	-1696.9839	135.3154	-1348.2147	-1921.8804	200.0	-421.20538	0.0012536135	-421.18396	-421.20554	72000	1.1444092e-08	394995.2	-0.001028333	-50891.03	0.9671797	0.002945217	0.014666666	79.0	53.50805997848511
6	-1692.8784	125.6617	-1383.616	-1906.6917	200.0	-484.25266	0.0009927041	-484.2359	-484.25275	84000	-4.83195e-08	344075.3	-0.001471241	-39451.688	0.9998371	0.0032217214	0.02325	79.0	62.33729577064514
7	-1711.1599	121.06571	-1400.3307	-1903.7317	200.0	-541.4823	0.0008020592	-541.47174	-541.4823	96000	-8.265177e-09	316044.7	-0.001847847	-31444.281	1.0127211	0.003898135	0.027666667	79.0	71.16544723510742
8	-1732.5438	135.70938	-1326.3616	-1908.5684	200.0	-594.14557	0.0006179213	-594.13727	-594.1457	108000	3.8782755e-08	288301.47	-0.0013392906	-23465.531	1.0195082	0.0043182047	0.01525	79.0	79.97500252723694
9	-1703.5645	136.18394	-1306.4453	-1887.2806	200.0	-641.149	0.0006692123	-641.1391	-641.1491	120000	2.6702882e-08	254726.17	-0.0015960686	-15734.0	1.0188998	0.0035785574	0.017083334	79.0	88.86113142967224
10	-1709.8845	130.36218	-1413.8092	-1906.9117	200.0	-680.96826	0.0006230284	-680.96027	-680.9683	132000	-2.7974446e-08	243825.36	-0.002612784	-11693.516	1.017838	0.0054314993	0.031416666	79.0	97.94249081611633
11	-1695.217	133.9928	-1374.7444	-1902.8961	200.0	-716.24506	0.00048339434	-716.2376	-716.2451	144000	4.196167e-08	225583.02	-0.0011296087	-7416.6094	1.046336	0.002897012	0.014083333	79.0	106.85690903663635
12	-1706.9088	130.34343	-1403.9208	-1917.528	200.0	-745.3456	0.00034687182	-745.3397	-745.3455	156000	2.336502e-08	221992.25	-0.000936247	-5223.328	1.0617814	0.0028282406	0.00975	79.0	115.70479035377502
13	-1688.8386	127.83822	-1388.1168	-1891.2454	200.0	-770.412	0.00041218204	-770.40625	-770.41205	168000	5.5631e-09	210653.73	-0.0020214876	-2841.3438	1.0643599	0.0047712047	0.033916667	79.0	124.55472874641418
14	-1697.1726	126.13077	-1463.5615	-1896.9197	200.0	-789.6034	0.00035810616	-789.5993	-789.60345	180000	-1.9868216e-08	212392.17	-0.0016988511	-2127.5938	1.0793405	0.00373196	0.027333334	79.0	133.38499522209167
15	-1707.8538	127.094315	-1319.3713	-1894.6318	200.0	-806.513	0.00020083488	-806.50946	-806.513	192000	1.2715658e-08	211298.94	-0.002299993	-1209.25	1.1169163	0.0048843017	0.029666666	79.0	142.28132605552673
16	-1679.8243	130.92882	-1337.0848	-1916.4988	200.0	-819.7356	0.00028600413	-819.7323	-819.7357	204000	8.90096e-09	202520.52	-0.0015239582	-380.95312	1.1414222	0.003685088	0.0145	79.0	151.0934398174286
17	-1687.4735	123.47685	-1398.1162	-1893.49	200.0	-827.5183	0.00028592543	-827.51495	-827.5181	216000	-5.086263e-09	202987.02	-0.0015292721	-217.71875	1.1221104	0.0037450644	0.020666666	79.0	159.9927363395691
18	-1647.2157	141.58063	-1357.1417	-1890.9575	200.0	-833.42114	0.00026382855	-833.4185	-833.42126	228000	5.722046e-09	194475.44	-0.0016372573	-4.5	1.1488671	0.003164924	0.015	79.0	168.8259196281433
19	-1665.2789	143.90729	-1219.8713	-1895.2384	200.0	-834.54266	0.0002555368	-834.5399	-834.54254	240000	2.2888184e-08	197674.94	-0.0025514907	-0.65625	1.1464239	0.0046178894	0.02925	79.0	177.68355512619019
20	-1651.3524	144.61194	-1226.4498	-1864.3705	200.0	-834.89166	0.00019074666	-834.8895	-834.8917	252000	6.3578287e-10	193792.06	-0.0014384409	-46.125	1.1805495	0.0022058694	0.012083333	79.0	186.76652646064758
21	-1597.0724	149.44093	-1167.4187	-1832.8657	200.0	-832.1365	0.0002015131	-832.1343	-832.1364	264000	-8.265177e-09	182716.5	-0.0019281473	-445.3125	1.1669105	0.004428274	0.026666667	79.0	195.53936076164246
22	-1603.9291	137.70334	-1321.0199	-1856.9033	200.0	-823.1786	0.00013583123	-823.1768	-823.17865	276000	1.0172526e-08	183189.42	-0.0015216128	-239.40625	1.1883684	0.0032430165	0.015833333	79.0	204.39977169036865
23	-1573.057	131.942	-1202.7317	-1788.5623	200.0	-816.128	0.00017621886	-816.1263	-816.1281	288000	-1.3987223e-08	176188.19	-0.0010010999	-535.0781	1.1624503	0.0018246635	0.00775	79.0	213.2524003982544
24	-1554.5631	135.4812	-1291.1503	-1849.7166	200.0	-805.6914	0.00022430386	-805.68976	-805.6916	300000	3.1789145e-09	173491.12	-0.0026544062	-280.95312	1.1744767	0.0050454517	0.0355	79.0	222.17785382270813
25	-1570.7695	124.41833	-1251.0308	-1783.3441	200.0	-797.702	0.00018887973	-797.70026	-797.7019	312000	-7.629395e-09	175380.66	-0.0019712423	-141.375	1.1996359	0.0033989637	0.019666666	79.0	230.95040822029114
26	-1557.8503	122.84467	-1304.0112	-1841.9796	200.0	-791.915	0.0002011245	-791.91364	-791.91516	324000	-1.1761983e-08	173227.55	-0.0024829651	-53.578125	1.1994437	0.003986808	0.021666666	79.0	239.86696815490723
27	-1551.9967	121.98493	-1222.5298	-1856.0637	200.0	-788.2418	0.00010865144	-788.2404	-788.2418	336000	-1.36693314e-08	171779.33	-0.0028690798	-153.78125	1.2051132	0.004084376	0.025916666	79.0	248.66434454917908
28	-1528.8325	122.42736	-1287.6073	-1786.2574	200.0	-782.1321	0.00011742462	-782.1308	-782.13214	348000	1.0172526e-08	166615.58	-0.0015511614	-252.67188	1.2047728	0.0027537388	0.018583333	79.0	257.46817541122437
29	-1527.5677	113.990974	-1270.2103	-1818.2291	200.0	-774.05273	7.667548e-05	-774.05176	-774.0528	360000	1.525879e-08	165139.2	-0.0022811445	-252.625	1.2449067	0.0022821242	0.022083333	79.0	266.31297612190247
30	-1510.8534	130.11833	-1206.165	-1778.6881	200.0	-765.7313	0.00011543957	-765.7302	-765.73126	372000	1.1444092e-08	162026.95	-0.0018424485	-286.32812	1.2353389	0.0029615615	0.01375	79.0	275.4467935562134
31	-1478.8282	109.86545	-1128.6598	-1708.3	200.0	-756.70636	0.00014160069	-756.7055	-756.7065	384000	-2.415975e-08	155871.14	-0.0016058959	-389.92188	1.2174261	0.0031948595	0.011166667	79.0	284.25975227355957
32	-1485.2004	89.885605	-1276.4875	-1632.5334	200.0	-745.9813	8.377061e-05	-745.9803	-745.98126	396000	-6.357829e-09	155074.03	-0.002159113	-218.75	1.2209879	0.0028269798	0.016333334	79.0	293.12195467948914
33	-1455.344	113.99412	-1212.6934	-1652.128	200.0	-737.6368	0.00013304288	-737.6359	-737.6369	408000	4.45048e-09	150137.3	-0.0018037951	-152.25	1.2246019	0.0019545478	0.012916666	79.0	301.96938371658325
34	-1499.1908	99.30136	-1295.3129	-1661.4075	200.0	-730.5745	0.00012569019	-730.5737	-730.57465	420000	-1.2715657e-09	157639.97	-0.0016030007	-12.125	1.2084314	0.004224511	0.015166666	79.0	310.79730439186096
35	-1482.8419	86.28499	-1305.9664	-1622.2871	200.0	-732.31824	0.0001309331	-732.3173	-732.3181	432000	3.8146974e-09	154100.4	-0.0017481219	-54.03125	1.2000215	0.0021860716	0.012416666	79.0	319.67493987083435
36	-1460.8239	86.0872	-1273.7297	-1730.5189	200.0	-728.18164	3.962979e-05	-728.1809	-728.18164	444000	5.8809917e-09	149812.72	-0.0025656517	-108.96875	1.2135503	0.0029156732	0.022916667	79.0	328.4645643234253
37	-1450.0331	100.56803	-1101.2672	-1639.0267	200.0	-721.9095	7.569139e-05	-721.9088	-721.90955	456000	1.8119811e-08	148631.05	-0.0020425734	-37.25	1.1934139	0.0026909218	0.022583334	79.0	337.2870604991913
38	-1452.8872	115.79098	-1162.6731	-1655.4437	200.0	-718.0598	8.1446306e-05	-718.05914	-718.0599	468000	-6.6757204e-09	148965.61	-0.001631497	-38.59375	1.1936502	0.0042960593	0.016	79.0	346.13686990737915
39	-1411.4481	98.397896	-1122.47	-1564.7714	200.0	-714.15533	7.9525475e-05	-714.15466	-714.1553	480000	-8.106232e-09	140930.1	-0.0017010714	-286.07812	1.1798218	0.0038070271	0.013833334	79.0	354.95975947380066
40	-1413.4528	92.47625	-1203.8987	-1626.9673	200.0	-703.4872	8.8147746e-05	-703.48645	-703.4871	492000	-1.8119811e-08	140829.06	-0.0019977146	-50.25	1.1823984	0.0036993714	0.019166667	79.0	364.09457564353943
41	-1418.8269	107.15615	-1157.6464	-1620.1498	200.0	-698.65845	0.00012283595	-698.658	-698.65857	504000	2.0662943e-08	141561.06	-0.0025302167	-13.515625	1.1644266	0.0029683667	0.0255	79.0	372.98280000686646
42	-1409.0569	109.93448	-1110.8192	-1560.0604	200.0	-696.1582	4.1174233e-05	-696.15765	-696.1582	516000	1.2715657e-09	138326.64	-0.002934265	-81.96875	1.14917	0.0032301787	0.028833333	79.0	381.8737459182739
43	-1379.25	121.68407	-1042.4335	-1578.8092	200.0	-690.09216	0.00012212625	-690.0918	-690.0923	528000	-7.629395e-09	133292.97	-0.002167046	-142.5	1.1439148	0.0026700108	0.019333333	79.0	390.77309799194336
44	-1368.5499	172.83838	-636.08716	-1607.2471	200.0	-681.85925	7.6677505e-05	-681.85864	-681.85925	540000	2.7020772e-09	135138.64	-0.0019930755	-105.1875	1.1493676	0.0030632063	0.021416666	79.0	399.657594203949
45	-1310.178	216.10307	-787.4076	-1574.3412	200.0	-674.58777	0.00012893812	-674.5869	-674.5878	552000	-8.90096e-09	131496.48	-0.0026494872	-907.7578	1.121914	0.0025794425	0.023583334	79.0	408.548259973526
46	-1351.6793	206.00694	-767.188	-1574.5474	200.0	-652.83594	0.029766113	-652.12256	-652.8386	564000	-1.0172526e-08	136320.86	-0.002028113	-31.53125	1.1336901	0.0026215003	0.0145	79.0	417.4717171192169
47	-1338.9763	183.53964	-860.6766	-1658.3735	200.0	-656.4366	0.0161357	-655.91675	-656.4379	576000	0.0	130632.445	-0.002697609	-0.1015625	1.1333238	0.0030249758	0.028666666	79.0	426.2978174686432
48	-1310.5261	200.61958	-764.011	-1557.7935	200.0	-656.5668	0.032818016	-654.0992	-656.56836	588000	1.525879e-08	127631.53	-0.0020306206	-206.48438	1.1171207	0.0034377382	0.021	79.0	435.19627618789673
49	-1314.908	205.11287	-750.0116	-1653.4517	200.0	-647.1725	6.2071223	-491.9944	-647.5323	600000	8.90096e-09	129825.984	-0.0024497616	-133.33594	1.1244631	0.0034962257	0.023083333	79.0	444.0831322669983
50	-1289.5883	239.4178	-750.4181	-1570.2399	200.0	-641.2375	0.007944769	-640.4762	-641.2377	612000	-2.5431315e-09	129543.484	-0.0020442402	-529.8281	1.1010062	0.001275361	0.016666668	79.0	453.1807014942169
51	-1274.7262	224.1765	-763.84424	-1536.0293	200.0	-629.3525	4.837007	-611.3126	-630.69165	624000	7.629395e-09	124281.34	-0.0021934384	-153.98438	1.0932792	0.0022878435	0.019083334	79.0	462.073890209198
52	-1332.471	167.78539	-884.047	-1534.973	200.0	-622.69336	5.666376	-420.84592	-623.6587	636000	-7.629395e-09	128754.54	-0.0020456873	-920.96094	1.0998871	0.0035709725	0.01475	79.0	470.90469002723694
53	-1298.89	199.94672	-720.3321	-1525.0376	200.0	-636.80585	18.346945	-403.5169	-640.0147	648000	-1.525879e-08	125270.55	-0.0030965626	-231.36719	1.0931945	0.0036089492	0.027416667	79.0	479.8159279823303
54	-1290.6838	213.54274	-741.8373	-1541.0817	200.0	-631.9211	13.594243	-481.505	-633.78375	660000	-3.1789145e-09	125764.55	-0.0031928755	-285.92188	1.0844946	0.0040150695	0.027	79.0	488.59765887260437
55	-1268.5981	223.24298	-780.3105	-1588.7394	200.0	-618.15936	23.80813	-364.3902	-623.74615	672000	0.0	122156.99	-0.0029030202	-503.8828	1.0907248	0.0018179878	0.022833332	79.0	497.50802278518677
56	-1304.008	222.66098	-746.9146	-1635.8992	200.0	-618.3748	7.3278027	-484.75858	-618.8389	684000	1.3351441e-08	129815.38	-0.002944709	-227.30469	1.0829407	0.003187915	0.023833333	79.0	506.3613209724426
57	-1293.6178	249.05728	-643.94244	-1641.1179	200.0	-627.47894	12.485932	-492.4792	-629.1946	696000	8.90096e-09	132795.27	-0.003566115	-6093.625	1.085206	0.004292883	0.048	79.0	515.1957006454468
58	-1299.3197	184.08815	-690.84656	-1500.9695	200.0	-622.7676	52.183567	-400.5536	-640.9365	708000	2.2888184e-08	122559.92	-0.002315888	-1305.3203	1.0803545	0.0034487816	0.019833334	79.0	524.0991058349609
59	-1273.6107	231.46333	-753.8515	-1570.0623	200.0	-608.2876	78.51827	-371.0697	-647.102	720000	5.722046e-09	116879.805	-0.0026338536	-1079.2734	1.0621294	0.0035220739	0.022416666	79.0	532.9943013191223
60	-1271.4113	234.99487	-773.3991	-1616.4464	200.0	-616.30505	83.68869	-409.1896	-658.3226	732000	-1.780192e-08	118324.17	-0.0027141953	-2486.4766	1.0779482	0.0055938587	0.02375	79.0	542.1523299217224
61	-1304.6603	235.14984	-873.2074	-1700.1572	200.0	-609.2846	86.80027	-400.9704	-652.20087	744000	1.3987223e-08	118203.414	-0.0030520326	-1262.5312	1.059504	0.0026578084	0.028333334	79.0	551.0566599369049
62	-1238.7285	215.40462	-782.3717	-1581.4889	200.0	-628.2388	94.08044	-412.14066	-674.5465	756000	-5.086263e-09	110862.59	-0.0029443104	-2157.0078	1.0449686	0.0021293575	0.024666667	79.0	559.9402470588684
63	-1291.2938	212.6877	-760.0446	-1545.2849	200.0	-614.80994	77.85997	-391.93716	-646.71967	768000	2.0345052e-08	116937.73	-0.0035306313	-689.83594	1.0348976	0.0024101145	0.032	79.0	568.715211391449
64	-1275.7859	220.14201	-753.4013	-1560.8019	200.0	-616.0655	82.75573	-396.05777	-653.8992	780000	-5.086263e-09	115517.375	-0.0038015905	-487.39844	1.0328767	0.0040165326	0.03266667	79.0	577.5744543075562
65	-1268.6958	204.31989	-763.3122	-1571.4607	200.0	-609.6919	93.425674	-333.2907	-655.2671	792000	1.3351441e-08	112348.71	-0.0029454408	-589.58594	1.0163823	0.0024402516	0.0255	79.0	586.4715745449066
66	-1255.4108	219.75168	-834.2372	-1538.4335	200.0	-598.1004	103.45074	-288.64606	-657.23193	804000	-5.086263e-09	111453.375	-0.0038252498	-1047.1328	1.0224229	0.0055856057	0.031833332	79.0	595.2710719108582
67	-1267.548	241.97137	-747.2864	-1544.7382	200.0	-622.38556	88.01304	-377.7557	-665.4595	816000	1.7166137e-08	119321.195	-0.0033868204	-2104.7188	0.9931462	0.0045741214	0.029416667	79.0	604.1320552825928
68	-1310.1552	214.27	-725.2295	-1596.7758	200.0	-624.991	87.77753	-374.69992	-664.56866	828000	3.1789144e-10	122650.48	-0.0043445476	-1011.3828	0.99311846	0.0032214543	0.03	79.0	612.9842522144318
69	-1198.5116	279.33475	-686.91925	-1592.3232	200.0	-606.17505	104.41707	-357.2404	-671.39996	840000	2.5431315e-09	109598.14	-0.003404084	-5620.297	0.9795868	0.002851322	0.032333333	79.0	621.8507378101349
70	-1242.1096	278.41647	-635.3278	-1611.9451	200.0	-597.49774	116.20598	-266.1571	-667.751	852000	1.9073487e-09	117206.89	-0.003255357	-1352.7109	0.9676014	0.0031039002	0.02825	79.0	631.0298280715942
71	-1268.8888	247.17557	-748.6895	-1569.8031	200.0	-612.7772	93.696686	-329.53094	-660.12244	864000	-1.2715658e-08	119568.445	-0.0033685456	-1589.5859	0.9700638	0.0024848322	0.027666667	79.0	639.8363652229309
72	-1199.6117	252.70816	-644.12146	-1578.381	200.0	-589.31323	110.34014	-314.64203	-665.94794	876000	8.265177e-09	109361.234	-0.0033145996	-3288.5547	0.94070387	0.0028874448	0.031166667	79.0	648.6362724304199
73	-1195.0352	254.97931	-742.62415	-1574.228	200.0	-570.91644	97.96748	-286.1462	-652.35016	888000	-5.086263e-09	105942.3	-0.0034021891	-2910.9922	0.95041245	0.0019967833	0.028666666	79.0	657.5258040428162
74	-1181.2075	249.94435	-747.7878	-1537.389	200.0	-569.851	98.81035	-293.55408	-667.1331	900000	1.6530354e-08	101315.13	-0.0030705044	-3613.2422	0.9544159	0.002961364	0.024416666	79.0	666.3660228252411
75	-1078.9985	236.30052	-749.0118	-1479.7739	200.0	-502.78036	136.40988	-216.96892	-683.47656	912000	-4.45048e-09	83831.234	-0.0040987693	-3392.6094	0.9420835	0.004830881	0.033083335	79.0	675.1662442684174
76	-1167.7332	272.53183	-641.9347	-1556.4781	200.0	-568.677	96.23837	-308.01273	-680.91766	924000	2.5431315e-09	98075.91	-0.0027373428	-4395.0625	0.9238203	0.0027929866	0.021916667	79.0	684.0998601913452
77	-1217.062	246.06996	-750.23596	-1581.6625	200.0	-568.95557	102.774345	-272.0383	-703.8403	936000	-6.357829e-09	104093.6	-0.0023819108	-4304.336	0.9361958	0.004071177	0.021583334	79.0	692.9607577323914
78	-1087.4421	216.61203	-635.25366	-1454.3223	200.0	-507.01303	110.739914	-286.84167	-740.62695	948000	-1.7166137e-08	81093.91	-0.0027656166	-5660.953	0.92152053	0.003455396	0.022166668	79.0	701.8343553543091
79	-1192.31	231.34644	-638.2916	-1519.5343	200.0	-575.00116	101.06006	-154.18388	-769.9499	960000	-1.0172526e-08	90417.03	-0.0043489966	-5386.6875	0.9341778	0.0031969713	0.030916667	79.0	710.7216897010803
80	-1140.961	235.71057	-746.5201	-1516.2207	200.0	-520.39105	130.8265	13.05796	-809.58093	972000	1.2079875e-08	76991.89	-0.0032088591	-9428.219	0.9186524	0.0043584807	0.029666666	79.0	719.8174040317535
81	-1156.9524	210.65085	-760.1264	-1482.2142	200.0	-522.4694	173.53302	-74.49945	-846.5499	984000	7.629395e-09	81599.77	-0.0044983695	-9969.477	0.914988	0.0031904208	0.0395	79.0	728.7050638198853
82	-1132.429	233.64487	-622.34125	-1499.9347	200.0	-525.78375	154.339	-51.957584	-892.1922	996000	-1.3987223e-08	76525.23	-0.004135531	-4192.953	0.90579516	0.0028207845	0.037	79.0	737.5407357215881
83	-1143.6495	218.91936	-759.55273	-1506.3284	200.0	-525.19293	146.7694	-234.10854	-917.53766	1008000	-1.3987223e-08	71490.36	-0.0037687148	-4879.617	0.89388967	0.0021099963	0.031	79.0	746.45263671875
84	-1106.2651	212.23517	-638.843	-1437.7189	200.0	-514.2778	146.46986	-297.46585	-950.8584	1020000	1.0172526e-08	62471.953	-0.0042253467	-5989.5312	0.88291496	0.004170956	0.031333335	79.0	755.2262365818024
85	-1035.1356	191.5782	-717.6524	-1512.6777	200.0	-460.35867	164.8835	-222.77634	-966.5848	1032000	1.2715658e-08	57634.934	-0.0037015236	-3705.1328	0.8782015	0.0036684617	0.0325	79.0	764.084636926651
86	-1006.5189	183.86455	-718.9827	-1403.1259	200.0	-464.47058	154.53476	-242.61467	-983.0833	1044000	-5.086263e-09	50138.047	-0.0039335554	-3485.9727	0.87258977	0.0031814869	0.033333335	79.0	772.9406328201294
87	-987.97076	199.76848	-657.73883	-1402.5342	200.0	-478.1055	170.11247	-240.56487	-988.74884	1056000	1.0172526e-08	50236.6	-0.0042674406	-5200.4297	0.8697692	0.004322218	0.034833334	79.0	781.8355355262756
88	-1011.879	186.58043	-729.7758	-1394.5862	200.0	-462.87668	175.29909	-113.49168	-997.85583	1068000	-1.2715658e-08	47332.297	-0.003588712	-4005.871	0.86617976	0.0038964667	0.031333335	79.0	790.7152843475342
89	-1042.1282	198.34395	-643.66907	-1371.4342	200.0	-480.25797	198.38538	-222.5747	-1003.73956	1080000	8.90096e-09	40046.363	-0.0040359255	-2793.9297	0.85567594	0.0033777694	0.040583335	79.0	799.6467087268829
90	-980.3184	174.48218	-637.0738	-1352.227	200.0	-429.88834	179.51875	-215.9039	-1005.33527	1092000	0.0	41006.727	-0.0039913026	-3779.7617	0.8399106	0.0040505007	0.043916665	79.0	808.860767364502
91	-945.1574	174.93094	-648.3092	-1351.7472	200.0	-422.44757	178.10025	-237.81282	-1012.7342	1104000	-1.525879e-08	39089.156	-0.0037814304	-1349.9336	0.8269372	0.003982869	0.033166666	79.0	817.7447919845581
92	-926.0545	172.11305	-634.40857	-1267.2955	200.0	-427.73407	163.07405	-224.83147	-1014.3556	1116000	-1.0172526e-08	32343.775	-0.003948341	-4556.008	0.8192308	0.003277788	0.03825	79.0	826.6321470737457
93	-952.07416	189.12694	-639.3045	-1318.8868	200.0	-431.92435	217.33075	-168.34387	-1010.2941	1128000	-7.629395e-09	29430.95	-0.0043876497	-1783.1152	0.811116	0.0047265943	0.040333334	79.0	835.4701073169708
94	-907.5385	181.20264	-636.7992	-1450.3429	200.0	-382.5747	194.6661	-166.3371	-1011.01324	1140000	1.2715658e-08	29864.635	-0.004245791	-3004.6719	0.78583026	0.0046387822	0.043583333	79.0	844.3105075359344
95	-877.95807	122.34348	-633.97687	-1208.0598	200.0	-358.68845	153.92493	-172.79938	-1012.5857	1152000	7.629395e-09	32228.496	-0.004336965	-4159.658	0.7821339	0.0044814665	0.041	79.0	853.1525297164917
96	-887.8426	150.08488	-632.1607	-1191.4003	200.0	-407.5555	193.82594	-188.71014	-998.094	1164000	1.780192e-08	29501.129	-0.003749644	-3638.4941	0.78323114	0.004106209	0.040083334	79.0	861.9972012042999
97	-862.4238	150.64136	-631.6577	-1323.1096	200.0	-381.51816	179.7574	-172.64218	-1004.43665	1176000	-3.051758e-08	25395.832	-0.0036378212	-1135.9219	0.7697201	0.003841655	0.035	79.0	870.8758730888367
98	-839.9745	126.60396	-635.00195	-1084.5756	200.0	-362.0627	176.23138	-135.61516	-991.78357	1188000	-1.4623006e-08	24834.875	-0.0033346938	-2774.6074	0.74758196	0.0024732735	0.02775	79.0	879.7803115844727
99	-840.11206	156.19958	-605.7217	-1199.6031	200.0	-365.22333	178.37422	-104.106544	-925.8739	1200000	5.086263e-09	22187.305	-0.00379952	-1046.8164	0.7639969	0.0032213542	0.040083334	79.0	888.701251745224
100	-832.85864	124.37699	-630.9132	-1103.0356	200.0	-342.57068	168.51074	-149.71353	-952.0735	1212000	1.2715657e-09	23906.56	-0.0039966763	-2053.8672	0.7555364	0.005152787	0.04025	79.0	897.9088609218597
101	-851.19836	122.75505	-633.543	-1106.4327	200.0	-393.44107	180.41864	-149.31322	-946.70215	1224000	-5.086263e-09	22737.1	-0.003146263	-2657.6484	0.7517488	0.004601186	0.038666666	79.0	906.866415977478
102	-824.1977	128.78966	-594.5626	-1146.8707	200.0	-344.86258	164.34024	-127.958565	-916.7964	1236000	1.0172526e-08	22039.123	-0.0040608193	-2559.2012	0.740957	0.0036198422	0.043916665	79.0	915.7449293136597
103	-815.04755	108.464905	-616.27686	-1089.5392	200.0	-340.41763	159.4891	-155.34612	-943.3722	1248000	5.086263e-09	27828.363	-0.003994039	-2064.6328	0.73578054	0.0050156587	0.040583335	79.0	924.5075058937073
104	-833.859	100.06744	-633.01556	-1031.19	200.0	-381.32504	160.45995	-206.97543	-914.25037	1260000	5.086263e-09	21197.322	-0.0037265422	-1880.6191	0.735742	0.005052693	0.03875	79.0	933.3746056556702
105	-784.0302	120.513794	-558.02136	-1067.5746	200.0	-339.61255	147.71371	-159.8847	-898.7537	1272000	-7.629395e-09	20597.24	-0.002701737	-1350.873	0.71627074	0.0030559788	0.030333333	79.0	942.3854467868805
106	-842.14655	118.528885	-625.945	-1063.8732	200.0	-376.18808	183.85602	-180.29517	-916.93	1284000	-2.5431315e-09	18501.912	-0.0037871157	-1196.5195	0.72822076	0.0040997514	0.04475	79.0	951.2057580947876
107	-792.28296	115.09041	-524.8064	-1003.8118	200.0	-329.90936	160.77132	-119.30272	-909.3092	1296000	1.2715658e-08	23385.04	-0.0043555703	-1380.9805	0.7152399	0.0039625405	0.045166668	79.0	960.0745160579681
108	-815.20123	113.73744	-625.3715	-1052.9529	200.0	-351.12042	154.96454	-178.54784	-859.47815	1308000	-3.8146974e-09	21084.453	-0.0034194037	-1130.9355	0.70289683	0.0030197278	0.040166665	79.0	968.9127595424652
109	-782.2937	116.504814	-627.8721	-1026.552	200.0	-338.01202	164.31743	-150.55394	-927.6227	1320000	1.2715657e-09	22882.338	-0.0038274853	-1290.0078	0.68623936	0.0022924454	0.035833333	79.0	977.8528156280518
110	-764.2975	109.84696	-539.9204	-1059.6573	200.0	-339.36584	149.28592	-153.72575	-851.7346	1332000	-6.357829e-09	20272.475	-0.004240224	-1249.3867	0.6782412	0.0031813611	0.041666668	79.0	987.426265001297
111	-769.1547	109.41652	-511.0529	-1047.144	200.0	-322.86948	146.80612	-144.10727	-850.3538	1344000	0.0	19800.232	-0.0032290318	-1301.5332	0.65814155	0.0044130897	0.03975	79.0	996.4574863910675
112	-787.98694	98.32823	-631.8097	-1056.0125	200.0	-339.8417	167.52405	-138.73598	-849.3653	1356000	1.2715657e-09	17925.877	-0.004208512	-860.50586	0.63073087	0.0036504618	0.043166667	79.0	1005.6666884422302
113	-778.5732	92.74123	-626.9617	-1028.4144	200.0	-320.4433	158.45584	-131.49414	-810.4723	1368000	5.086263e-09	16302.773	-0.0026299388	-1083.6934	0.64922386	0.005003621	0.028166667	79.0	1014.9726004600525
114	-765.9348	105.099434	-626.8244	-1027.4158	200.0	-336.43454	152.90303	-162.13564	-811.0848	1380000	2.9246012e-08	18040.418	-0.003387342	-1283.8984	0.62334186	0.004875992	0.034916665	79.0	1024.0549778938293
115	-750.6238	92.301384	-620.8053	-1009.1335	200.0	-300.9633	152.51607	-158.14252	-836.5283	1392000	3.8146974e-09	18284.582	-0.003942636	-2007.5352	0.61432886	0.003426478	0.031916667	79.0	1033.1999168395996
116	-756.7663	113.11955	-518.8514	-979.91046	200.0	-340.91724	153.2635	-28.959656	-881.3852	1404000	1.0172526e-08	18831.96	-0.0033258311	-1217.9707	0.6029653	0.0028013228	0.037583333	79.0	1042.3441693782806
117	-750.919	96.371864	-564.9767	-947.1293	200.0	-332.71475	152.09767	-137.92181	-839.7119	1416000	-2.5431315e-09	16240.203	-0.0034692	-955.0254	0.59939784	0.0037648894	0.034833334	79.0	1051.5456929206848
118	-716.7525	106.52251	-507.79187	-944.274	200.0	-298.87897	140.31604	-166.00728	-811.1126	1428000	-2.0345052e-08	19586.893	-0.0036922137	-1281.7754	0.5944593	0.004241022	0.037	79.0	1060.5464553833008
119	-731.91187	91.638115	-518.25714	-947.024	200.0	-314.26236	146.55374	-174.92732	-797.43494	1440000	8.90096e-09	17882.363	-0.0035217514	-1212.4707	0.5958903	0.0034565493	0.034416668	79.0	1069.684364080429
120	-733.0548	108.225685	-504.41992	-977.8157	200.0	-306.0314	140.75883	-113.11041	-795.2419	1452000	-2.5431315e-09	20072.07	-0.0037357318	-1193.373	0.57980865	0.003827954	0.03275	79.0	1079.1202235221863
121	-714.3076	81.266426	-505.19238	-901.75543	200.0	-307.40005	130.07222	-176.32782	-798.0189	1464000	1.2715657e-09	17568.662	-0.0038208845	-1055.1836	0.5590716	0.0038383382	0.041333333	79.0	1088.2821197509766
122	-754.3396	76.6824	-619.6755	-933.2297	200.0	-333.8	150.13557	-44.501663	-794.34576	1476000	1.2715658e-08	15251.233	-0.0037082012	-1025.9297	0.5484142	0.0038345072	0.040166665	79.0	1097.4709706306458
123	-727.4382	96.87579	-516.3193	-930.132	200.0	-306.20584	151.54132	-147.0142	-758.6478	1488000	1.6530354e-08	15921.28	-0.0040356317	-904.2617	0.5340591	0.004579511	0.036916666	79.0	1106.637231349945
124	-736.69855	95.441605	-508.12823	-881.537	200.0	-299.36722	148.76521	-142.85146	-757.0187	1500000	1.1444092e-08	14952.187	-0.0035161017	-1325.1709	0.52079755	0.0043361345	0.037916668	79.0	1115.566445350647
125	-727.33514	91.699936	-521.82117	-932.6967	200.0	-305.27258	145.05197	-168.31982	-758.87775	1512000	2.0345052e-08	18361.17	-0.003933637	-1636.0742	0.516328	0.002825531	0.03375	79.0	1124.5104486942291
126	-732.9046	93.80274	-596.14996	-1019.64014	200.0	-307.86636	136.45613	-141.28098	-762.9752	1524000	2.0345052e-08	17832.01	-0.0043473537	-1664.8447	0.5155922	0.0040571378	0.04916667	79.0	1133.5148005485535
127	-724.9902	100.26988	-507.2336	-947.7455	200.0	-337.1104	145.27788	-182.5585	-765.4346	1536000	-3.1789145e-09	17302.443	-0.0038530875	-2162.8271	0.5010804	0.0032637923	0.03825	79.0	1142.569235086441
128	-695.508	102.14815	-507.57416	-979.9163	200.0	-302.236	133.61497	-159.08876	-761.24286	1548000	1.0172526e-08	15168.653	-0.0039443444	-650.4053	0.4736925	0.0035974756	0.029083334	79.0	1151.7186617851257
129	-708.21	99.993195	-507.51224	-970.509	200.0	-312.435	145.52946	-172.43839	-758.5179	1560000	-1.1444092e-08	16261.085	-0.003532748	-1478.6865	0.47378844	0.0027762814	0.03275	79.0	1160.8748202323914
130	-664.5414	78.60415	-502.9242	-884.06805	200.0	-277.49094	123.02853	-35.631752	-745.70886	1572000	7.629395e-09	14612.015	-0.003495257	-1087.0078	0.4511448	0.0039392896	0.032083333	79.0	1170.3072292804718
131	-718.02985	97.32987	-507.6225	-913.90717	200.0	-299.51004	140.94705	-97.21738	-749.17645	1584000	-5.722046e-09	14027.333	-0.005105893	-776.5781	0.4538349	0.005907147	0.058333334	79.0	1179.2775127887726
132	-675.2939	84.92308	-400.1272	-865.71674	200.0	-284.0347	130.34583	-167.95192	-754.8353	1596000	-5.722046e-09	15859.864	-0.002880563	-801.95996	0.44341487	0.0046033603	0.03425	79.0	1188.4307096004486
133	-673.0891	83.59416	-509.20325	-874.4032	200.0	-291.5827	121.15929	-176.1559	-748.92035	1608000	5.086263e-09	16759.188	-0.00364859	-748.1738	0.42777595	0.0035585577	0.034833334	79.0	1197.4688262939453
134	-684.9337	97.33336	-510.60056	-884.70917	200.0	-291.24838	123.06885	-131.12474	-752.45953	1620000	1.9073486e-08	15038.902	-0.004965572	-1041.6221	0.41822302	0.0065043587	0.055833332	79.0	1206.304619550705
135	-702.2691	92.73646	-505.71545	-904.2726	200.0	-313.8507	143.8208	-154.58582	-758.2785	1632000	7.629395e-09	15140.755	-0.0054992344	-1437.4238	0.40211922	0.0055012945	0.06808333	79.0	1215.2722821235657
136	-692.8877	94.99894	-509.21008	-874.7713	200.0	-271.62637	131.45164	-88.7349	-716.1421	1644000	1.0172526e-08	17414.838	-0.0037167715	-2132.3408	0.3816317	0.004585433	0.04125	79.0	1224.1959693431854
137	-665.16235	110.273575	-507.8079	-959.2295	200.0	-297.119	126.386635	-162.76416	-752.3141	1656000	7.629395e-09	15440.417	-0.003879513	-1392.6357	0.3851219	0.003756485	0.033083335	79.0	1233.0890440940857
138	-682.4705	100.10455	-389.5914	-918.7263	200.0	-294.48062	143.26593	-138.54922	-750.8206	1668000	-5.086263e-09	15653.658	-0.003692482	-1515.8291	0.3803575	0.003988806	0.039916668	79.0	1241.9432218074799
139	-674.88617	87.977	-505.07208	-864.67145	200.0	-285.12125	127.6393	-132.07204	-711.47864	1680000	-3.8146974e-09	14626.311	-0.0036584944	-886.0664	0.3555166	0.0043781777	0.03816667	79.0	1250.9100363254547
140	-691.8489	91.16965	-499.68475	-886.0594	200.0	-299.64154	134.6986	-121.092415	-737.1258	1692000	-7.629395e-09	12743.723	-0.0055315606	-1019.0078	0.3542263	0.006908446	0.05675	79.0	1260.2099494934082
141	-664.9457	87.592514	-499.8283	-889.93304	200.0	-274.23914	130.43839	-113.371735	-736.0003	1704000	8.5830685e-09	15315.961	-0.0036352447	-959.46484	0.33157113	0.004045325	0.03875	79.0	1269.1246099472046
142	-662.14954	101.14589	-505.9907	-932.50323	200.0	-290.38467	131.17017	-95.59318	-738.3411	1716000	5.086263e-09	15788.299	-0.0042349957	-1684.3145	0.32513297	0.0047365315	0.044666667	79.0	1278.3256525993347
143	-655.26855	86.99808	-499.2746	-855.7976	200.0	-274.3704	129.36928	-121.758156	-731.55316	1728000	5.086263e-09	13388.928	-0.0038366802	-708.3086	0.32943702	0.0033904368	0.037	79.0	1287.3385605812073
144	-632.4689	81.08629	-378.59338	-781.7147	200.0	-267.04007	113.643684	-144.95447	-698.8871	1740000	-7.629395e-09	14532.993	-0.003166975	-591.3828	0.31178343	0.0044141044	0.030833334	79.0	1296.4094820022583
145	-620.0919	92.98805	-491.96802	-834.51465	200.0	-272.429	120.33857	-138.27478	-709.7549	1752000	7.629395e-09	12751.248	-0.003246755	-1003.86426	0.30581236	0.0036121714	0.0365	79.0	1305.4295966625214
146	-634.7465	91.229935	-383.45032	-866.53265	200.0	-254.46571	129.25479	-117.671684	-705.43933	1764000	1.525879e-08	12451.252	-0.0034877372	-1348.1748	0.29186457	0.0036784324	0.036	79.0	1314.3898375034332
147	-630.63086	97.94086	-390.9561	-825.27905	200.0	-269.62817	135.32248	-123.00183	-745.0771	1776000	-7.629395e-09	13300.657	-0.003964483	-1549.6016	0.28961223	0.0034084443	0.036916666	79.0	1323.5185053348541
148	-651.2626	94.153244	-498.41537	-869.8341	200.0	-256.99112	127.72248	-132.51508	-714.22253	1788000	5.086263e-09	12468.329	-0.0026297544	-775.26953	0.2883769	0.0041972795	0.02275	79.0	1333.0098173618317
149	-644.9059	97.32129	-380.22617	-843.44965	200.0	-273.06363	129.31836	-159.76758	-756.7527	1800000	0.0	12095.143	-0.0030502523	-691.90625	0.26121154	0.0034960741	0.029583333	79.0	1342.7678954601288
150	-659.66736	88.30752	-418.8144	-785.5763	200.0	-272.1599	137.71335	-84.3139	-711.7547	1812000	-2.5431315e-09	10240.524	-0.0038683268	-722.50977	0.26094654	0.0040286914	0.038	79.0	1352.7657387256622
151	-648.0462	77.30297	-505.37793	-803.24963	200.0	-270.47055	135.26906	-148.42642	-720.0317	1824000	-1.0172526e-08	13207.282	-0.003999382	-1296.0605	0.23965243	0.0035149122	0.043583333	79.0	1362.0353329181671
152	-634.3046	92.27081	-505.68973	-874.3499	200.0	-274.24167	127.51803	-120.44556	-692.8954	1836000	0.0	12131.872	-0.0032159067	-868.91504	0.2257658	0.00325189	0.029833334	79.0	1370.9659140110016
153	-651.1093	101.54802	-483.15857	-944.866	200.0	-270.7249	136.72052	-117.10527	-696.04407	1848000	-6.357829e-09	10659.46	-0.0042315633	-562.9131	0.22530332	0.0045282706	0.041083332	79.0	1379.844895362854
154	-602.2471	105.489525	-377.11972	-841.52856	200.0	-244.42346	126.48388	-112.12399	-716.5452	1860000	5.722046e-09	11384.589	-0.0033692417	-723.4209	0.212438	0.004326041	0.029416667	79.0	1389.2302272319794
155	-617.51154	97.33695	-380.6284	-907.9838	200.0	-270.01572	127.956245	-148.96655	-686.141	1872000	-1.6530354e-08	10730.842	-0.003975951	-1339.458	0.20511186	0.003922188	0.043166667	79.0	1398.5435090065002
156	-587.77405	114.20487	-381.0572	-822.77594	200.0	-229.66533	129.43825	-96.73584	-700.06836	1884000	6.357829e-09	10575.6	-0.0032568588	-714.7344	0.19759847	0.00379812	0.033333335	79.0	1407.9080469608307
157	-585.8786	107.33045	-375.96912	-786.0036	200.0	-244.11125	120.83002	-128.83357	-670.55414	1896000	2.5431315e-09	9838.777	-0.0042680358	-651.8037	0.19253442	0.004429271	0.0495	79.0	1417.321702003479
158	-587.2952	91.07126	-374.24255	-789.46924	200.0	-234.91371	120.11868	-132.56476	-665.96747	1908000	-1.525879e-08	11111.338	-0.004807271	-561.56055	0.1949913	0.0039815074	0.0475	79.0	1426.8081622123718
159	-574.0928	92.599365	-382.0157	-841.61505	200.0	-241.219	118.26902	-141.13835	-673.95654	1920000	6.357829e-09	9384.461	-0.004363977	-692.25	0.15956374	0.0044526868	0.036916666	79.0	1436.1470682621002
160	-573.8855	86.66513	-379.04465	-746.10675	200.0	-231.05463	116.03297	-126.70327	-647.9245	1932000	3.1789144e-10	9153.108	-0.005291522	-558.2002	0.1768227	0.0055759507	0.056333333	79.0	1445.7709803581238
161	-585.8985	103.75417	-381.10883	-784.55615	200.0	-230.31725	119.65966	-64.43263	-647.2701	1944000	0.0	9120.745	-0.00446093	-423.9961	0.16494349	0.004491917	0.049833335	79.0	1455.1398413181305
162	-562.0692	105.171585	-380.32947	-815.6623	200.0	-230.20015	123.229126	-94.79049	-654.6549	1956000	2.0345052e-08	8505.53	-0.003911268	-645.26807	0.13686514	0.003495968	0.042583335	79.0	1464.2024686336517
163	-561.46094	99.04024	-377.24332	-757.0615	200.0	-227.86195	119.229	-81.58759	-641.2118	1968000	6.357829e-09	8619.854	-0.0039248564	-765.563	0.14675763	0.0041396925	0.042583335	79.0	1473.1939198970795
164	-517.77295	112.52818	-256.3979	-789.39655	200.0	-206.19487	116.46905	-79.42359	-647.7165	1980000	5.086263e-09	8863.747	-0.0037931786	-713.1079	0.124440975	0.0040475912	0.041083332	79.0	1482.280737400055
165	-540.8947	101.604324	-304.1029	-833.2617	200.0	-215.14993	114.11458	-79.991905	-634.82837	1992000	5.086263e-09	7188.7427	-0.0037275646	-645.75977	0.11255762	0.0032294476	0.034416668	79.0	1491.3660678863525
166	-506.64725	116.709755	-214.86403	-735.2448	200.0	-190.75694	113.25486	-64.96332	-626.5329	2004000	0.0	7286.615	-0.003578771	-423.63135	0.11076335	0.0045855013	0.031416666	79.0	1500.5063195228577
167	-498.76288	124.08709	-255.09822	-777.77716	200.0	-190.51675	113.30851	-69.04246	-628.71045	2016000	1.0172526e-08	6801.8706	-0.004417811	-395.87305	0.105337135	0.004673926	0.043166667	79.0	1509.5027651786804
168	-503.80768	132.58665	-254.68188	-783.96136	200.0	-202.93373	118.74434	-73.87987	-626.282	2028000	1.2715657e-09	7595.153	-0.0048349546	-701.2837	0.093364015	0.002682914	0.039833333	79.0	1518.3913841247559
169	-471.55817	106.55422	-250.03136	-715.3464	200.0	-181.54204	114.16636	-60.81818	-615.1406	2040000	1.9073487e-09	5973.0425	-0.004556219	-765.54346	0.071885735	0.002053217	0.0345	79.0	1527.3251194953918
170	-494.56818	132.34526	-251.26602	-843.7615	200.0	-180.24823	115.3728	-61.21448	-589.879	2052000	0.0	5112.7275	-0.003543363	-421.4121	0.06634159	0.0029676545	0.032916665	79.0	1536.6883029937744
171	-431.5174	125.53135	-250.10876	-742.7051	200.0	-155.89001	104.68202	-51.159744	-594.2434	2064000	0.0	4939.5186	-0.005001648	-289.29248	0.05771517	0.005413912	0.0505	79.0	1545.7964301109314
172	-446.62967	120.628654	-224.03055	-717.2669	200.0	-160.23067	113.223625	-46.318195	-588.5	2076000	-5.086263e-09	5591.512	-0.005187094	-573.2163	0.06462235	0.00394093	0.047666665	79.0	1555.0703597068787
173	-409.36188	144.3005	-127.5324	-771.5508	200.0	-145.5376	98.691536	-69.2358	-573.156	2088000	-5.086263e-09	4486.801	-0.004676193	-441.63867	0.031258296	0.0037501513	0.03675	79.0	1564.1678411960602
174	-412.40817	134.41322	-125.13151	-666.7702	200.0	-147.44562	111.20866	-63.657146	-572.8867	2100000	-1.3987223e-08	5440.331	-0.006587255	-936.56396	0.012351588	0.0030584421	0.046916667	79.0	1573.4070255756378
175	-347.32422	129.74278	-126.17513	-654.56696	200.0	-120.013306	95.75511	-52.56304	-555.0894	2112000	-6.357829e-09	4247.128	-0.006745163	-805.98193	0.00089738116	0.0031378688	0.051666666	79.0	1582.4449453353882
176	-329.4619	147.35477	-8.68118	-734.13275	200.0	-99.76867	97.82273	-23.176102	-545.48334	2124000	3.3060708e-08	3870.719	-0.0070725465	-625.7822	-0.030479362	0.0043243393	0.04525	79.0	1591.8757960796356
177	-293.53464	126.94658	-5.6500998	-626.48364	200.0	-71.62326	89.15344	-1.721643	-528.95166	2136000	-3.6875406e-08	2562.6863	-0.006547179	-277.94995	-0.045906976	0.0066717765	0.05775	79.0	1601.0652215480804
178	-236.54169	134.23956	-3.1355767	-611.02704	200.0	-59.53246	86.2387	-7.894121	-524.1963	2148000	-5.086263e-09	1459.297	-0.007271581	-861.07056	-0.05728884	0.0041438485	0.07508333	79.0	1610.2874264717102
179	-253.40419	114.031784	-4.160836	-502.83224	200.0	-43.514694	83.79066	-3.985558	-510.9962	2160000	4.45048e-09	300.80136	-0.0071891374	-191.92108	-0.06686596	0.00340119	0.042833332	79.0	1619.5180072784424
180	-291.7731	140.04272	-5.3432326	-630.65454	200.0	-46.446095	88.90034	-2.4096098	-471.2473	2172000	1.0172526e-08	869.43475	-0.007240906	-421.00058	-0.10937113	0.008960947	0.060916666	79.0	1629.0056228637695
181	-252.31496	118.54451	-122.96706	-514.6197	200.0	-40.35888	83.0894	-2.439693	-482.243	2184000	2.5431315e-09	286.62628	-0.0067392387	-165.9931	-0.117867105	0.0047122724	0.052083332	79.0	1638.1670305728912
182	-234.44511	133.11705	-5.190233	-601.8741	200.0	-35.76061	79.86829	17.832973	-508.19104	2196000	2.5431315e-09	163.91458	-0.0061683855	-91.44559	-0.16994189	0.008176912	0.07666667	79.0	1647.3699147701263
183	-228.05626	108.55885	-4.0593143	-473.2896	200.0	-32.40594	71.8899	-2.5605106	-486.11597	2208000	-1.0172526e-08	153.46349	-0.005631546	-111.5193	-0.20147274	0.0073985797	0.062583335	79.0	1656.7640817165375
184	-234.40541	108.49653	-5.1648054	-497.60577	200.0	-33.061375	72.09622	30.910824	-474.41724	2220000	-7.629395e-09	196.76625	-0.0067539546	-73.57236	-0.20920868	0.0063412236	0.068166666	79.0	1665.934310913086
185	-237.93146	114.07411	-6.432906	-547.06384	200.0	-35.183247	73.86486	-2.5820718	-455.52737	2232000	-7.629395e-09	157.01997	-0.0077351173	-100.099884	-0.22015564	0.005400003	0.055666666	79.0	1675.04523062706
186	-240.4426	100.57028	-123.567154	-502.6427	200.0	-33.624603	73.603714	-2.0555768	-484.70795	2244000	7.629395e-09	58.630104	-0.005829497	-31.471842	-0.23621185	0.00510149	0.043916665	79.0	1683.9926681518555
187	-241.2369	129.46486	-3.4923384	-570.01904	200.0	-37.639267	79.69309	-1.8785424	-504.15057	2256000	-5.086263e-09	162.37334	-0.0074166525	-79.38144	-0.24117434	0.005255325	0.04275	79.0	1692.9921162128448
188	-233.29237	127.56213	-2.7070768	-532.87616	200.0	-33.713	76.95502	0.033219337	-501.4544	2268000	-1.2715657e-09	228.08911	-0.005340143	-150.87085	-0.26303703	0.0067611937	0.053666666	79.0	1702.1734569072723
189	-226.21666	123.175575	-3.6306694	-535.6748	200.0	-32.601566	76.49627	-1.1894197	-483.07742	2280000	5.086263e-09	228.37068	-0.0051346794	-207.13849	-0.27414745	0.005670916	0.04825	79.0	1711.2507998943329
190	-223.4361	113.5903	-2.8771043	-465.04105	200.0	-29.794302	69.3992	35.126076	-463.91412	2292000	-8.90096e-09	40.52325	-0.0069977087	-21.24612	-0.326986	0.0038535323	0.022916667	79.0	1720.7940464019775
191	-234.75897	121.68857	-3.1972249	-505.1833	200.0	-32.752712	73.12752	34.85051	-463.52603	2304000	-2.5431315e-09	133.82132	-0.0063003288	-104.44139	-0.33658907	0.003595717	0.041833334	79.0	1729.9140706062317
192	-219.53358	105.76152	-2.5510345	-486.28952	200.0	-31.257084	69.42819	-0.8600259	-445.4751	2316000	-2.5431315e-09	41.604874	-0.007630958	-24.7629	-0.3490553	0.004102197	0.034583334	79.0	1739.0141868591309
193	-228.32436	100.34021	-2.2667277	-499.6075	200.0	-32.169342	70.36515	10.060564	-484.6301	2328000	-8.90096e-09	120.56587	-0.0074075125	-102.011475	-0.34221077	0.009026536	0.07075	79.0	1748.0259132385254
194	-239.99203	130.85966	-3.24276	-549.1718	200.0	-33.900208	77.08719	34.37176	-469.45084	2340000	1.2715658e-08	84.64851	-0.007045367	-64.49603	-0.39924836	0.0036738922	0.030833334	79.0	1756.910043001175
195	-193.60991	118.477036	-3.999698	-507.79547	200.0	-26.68974	64.78269	33.978172	-468.83005	2352000	1.780192e-08	41.501778	-0.0075023803	-26.637133	-0.44548592	0.006658498	0.04366667	79.0	1765.8259761333466
196	-215.9838	100.69382	-4.3783016	-484.26584	200.0	-27.799204	65.937164	8.095541	-464.40222	2364000	2.415975e-08	17.205294	-0.007592984	-6.020877	-0.39533347	0.0034715321	0.034916665	79.0	1774.7087271213531
197	-228.69589	115.135025	-3.7846553	-524.68384	200.0	-30.556828	70.81318	-0.43365717	-466.0803	2376000	1.2715658e-08	81.16778	-0.0066579767	-37.281773	-0.41970924	0.005345936	0.039666668	79.0	1783.7209622859955
198	-226.75931	116.03444	-2.2265856	-490.03723	200.0	-32.611187	72.09345	-0.8845916	-482.73428	2388000	3.8146974e-09	171.35725	-0.00758565	-110.99486	-0.4163016	0.010369676	0.085083336	79.0	1792.628757238388
199	-224.37662	117.76106	-3.7226648	-632.3162	200.0	-30.525684	69.74188	32.211388	-426.78278	2400000	-1.2715658e-08	860.3591	-0.008573951	-559.5465	-0.461856	0.014040114	0.0455	79.0	1802.0412969589233
