Epoch	AverageEpRet	StdEpRet	MaxEpRet	MinEpRet	EpLen	AverageVVals	StdVVals	MaxVVals	MinVVals	TotalEnvInteracts	LossPi	LossV	DeltaLossPi	DeltaLossV	Entropy	KL	ClipFrac	StopIter	Time
0	-1717.433	120.35807	-1506.7041	-1907.2488	200.0	0.04816719	0.036763515	0.25187957	-0.15800229	12000	-1.36693314e-08	959894.5	-0.0022224528	-167550.44	0.9248651	0.005144382	0.021916667	79.0	9.285760879516602
1	-1733.022	119.498215	-1423.5934	-1897.7324	200.0	-102.840034	0.0015080243	-102.810974	-102.8402	24000	1.04904174e-07	801918.6	-0.0013824463	-128996.94	0.91820085	0.0027095538	0.01775	79.0	18.146272659301758
2	-1722.5413	120.8452	-1399.8241	-1892.7083	200.0	-192.204	0.0018013988	-192.17006	-192.2042	36000	-2.9246012e-08	664828.3	-0.0017841314	-104029.69	0.933166	0.004238822	0.024416666	79.0	27.035304069519043
3	-1723.3534	106.62729	-1514.6263	-1891.6047	200.0	-274.52	0.0012647097	-274.49588	-274.52014	48000	1.8914541e-07	556121.75	-0.0010003377	-83501.97	0.94930065	0.0034978746	0.021583334	79.0	35.941352128982544
4	-1671.3116	109.214	-1460.77	-1873.9377	200.0	-350.4485	0.0014015182	-350.42297	-350.4486	60000	2.1616618e-08	437599.44	-0.0019933796	-61441.062	0.9648475	0.0036910414	0.025916666	79.0	44.82170009613037
5	-1627.5471	131.28523	-1322.8627	-1894.0841	200.0	-417.8646	0.0014478485	-417.8429	-417.86462	72000	7.629395e-09	351128.25	-0.0012858874	-44377.688	0.9896205	0.0046996125	0.0205	79.0	53.68531322479248
6	-1637.3839	132.96458	-1236.5034	-1882.0293	200.0	-477.17163	0.0015880739	-477.15442	-477.17188	84000	-2.5431315e-09	319180.97	-0.0010492706	-36498.03	1.0111471	0.0018518651	0.01425	79.0	62.51770257949829
7	-1643.1191	122.92052	-1331.0995	-1874.2817	200.0	-532.5664	0.0009022894	-532.554	-532.56665	96000	8.90096e-09	284603.97	-0.001537787	-27804.438	1.0281806	0.003759444	0.023	79.0	71.38747072219849
8	-1656.1858	137.69872	-1373.2928	-1901.6405	200.0	-582.6235	0.00077592366	-582.61395	-582.62366	108000	3.560384e-08	260658.05	-0.0018829855	-20758.422	1.0235783	0.004881117	0.02	79.0	80.27738523483276
9	-1642.857	145.73744	-1306.9263	-1866.8506	200.0	-627.2913	0.00075048057	-627.2822	-627.29144	120000	3.1789145e-09	233486.0	-0.0011566727	-13855.656	1.0191073	0.003983839	0.022166668	79.0	89.1512451171875
10	-1630.8722	121.95312	-1410.7665	-1880.8224	200.0	-665.08405	0.000556191	-665.0772	-665.08417	132000	-2.1616618e-08	214707.5	-0.00187511	-9176.969	1.0272477	0.004974261	0.028833333	79.0	98.29053783416748
11	-1650.5447	130.70435	-1372.248	-1862.8105	200.0	-696.8219	0.0005273996	-696.8151	-696.8219	144000	2.415975e-08	213125.55	-0.0010044035	-7088.1875	1.0567333	0.0024802673	0.012666667	79.0	107.30514931678772
12	-1654.4531	132.0647	-1241.7672	-1861.4569	200.0	-725.4508	0.000489607	-725.4452	-725.4507	156000	7.629395e-09	208163.75	-0.0015230002	-4884.578	1.0830772	0.003958069	0.014833333	79.0	116.27383279800415
13	-1628.5868	125.66521	-1337.4885	-1876.9131	200.0	-750.02136	0.00039933625	-750.0162	-750.0214	168000	8.90096e-09	194988.66	-0.0018305009	-2233.7344	1.0912367	0.002770536	0.020583333	79.0	125.05889940261841
14	-1643.6012	134.20541	-1367.6938	-1859.0355	200.0	-767.3543	0.00029715148	-767.34955	-767.3544	180000	-8.90096e-09	195794.69	-0.0015264314	-1436.8594	1.1054896	0.002889615	0.019916667	79.0	133.8422293663025
15	-1612.9866	122.052086	-1364.8613	-1860.7645	200.0	-781.48566	0.0002851889	-781.4819	-781.4857	192000	-1.6530354e-08	185426.98	-0.0015240625	-420.15625	1.1334741	0.002208121	0.009916667	79.0	142.71430230140686
16	-1593.0449	127.97727	-1341.9142	-1828.3514	200.0	-789.5774	0.00033304546	-789.57355	-789.5776	204000	-1.0172526e-08	181092.45	-0.0016801192	-58.921875	1.1414716	0.003724302	0.017166667	79.0	151.5702133178711
17	-1645.2505	123.988914	-1325.3734	-1856.0336	200.0	-792.79517	0.00024681972	-792.7915	-792.7953	216000	-1.4623006e-08	193296.05	-0.0009955692	-435.92188	1.1285969	0.0030622235	0.01675	79.0	160.42423105239868
18	-1608.3851	128.5847	-1398.3778	-1865.9216	200.0	-800.90314	0.00017200204	-800.90045	-800.9032	228000	-5.722046e-09	184024.8	-0.0011890418	-23.984375	1.1533084	0.0028261375	0.01225	79.0	169.29923152923584
19	-1601.2709	133.87436	-1206.185	-1813.2294	200.0	-803.25684	0.00021857773	-803.2538	-803.25684	240000	-6.357829e-09	182016.19	-0.0022461168	-6.71875	1.150751	0.0040084277	0.03125	79.0	178.16840505599976
20	-1594.9783	135.44983	-1278.7886	-1838.4265	200.0	-802.28015	0.000241471	-802.27747	-802.2801	252000	1.3987223e-08	181641.33	-0.0011134065	-0.40625	1.1814374	0.0021766433	0.010083334	79.0	187.25177311897278
21	-1620.3942	118.13125	-1338.9562	-1849.5657	200.0	-801.95734	0.00013155166	-801.9553	-801.9574	264000	-1.3987223e-08	186381.73	-0.0017847659	-55.203125	1.1626332	0.0050157052	0.029083334	79.0	196.09146118164062
22	-1586.1007	140.05363	-1294.8026	-1877.1555	200.0	-805.0985	0.00021684595	-805.09607	-805.09845	276000	6.357829e-09	180077.06	-0.0011196632	-0.609375	1.1977261	0.0037689728	0.014083333	79.0	204.873202085495
23	-1610.7563	129.46184	-1275.1398	-1840.1278	200.0	-804.88086	0.00020920833	-804.879	-804.88104	288000	-1.0172526e-08	184106.38	-0.0013003788	-1.96875	1.1779221	0.0031203118	0.013333334	79.0	213.71263813972473
24	-1584.1337	137.23225	-1172.3553	-1828.5984	200.0	-805.47864	0.0001917741	-805.47656	-805.47876	300000	-1.0808309e-08	178924.45	-0.0019863832	-46.203125	1.1971048	0.0025977911	0.021833334	79.0	222.53572821617126
25	-1585.4294	131.59297	-1253.6503	-1837.1931	200.0	-802.41016	0.00012543926	-802.4083	-802.41016	312000	-1.1444092e-08	178765.12	-0.0015445799	-16.5	1.2136799	0.0030666643	0.01775	79.0	231.3229103088379
26	-1557.2523	146.61984	-1145.0294	-1779.6427	200.0	-800.36816	0.00022075202	-800.3665	-800.36835	324000	1.2715658e-08	174112.39	-0.0018341547	-149.98438	1.2112814	0.0047088885	0.026083333	79.0	240.21802854537964
27	-1579.6033	153.3426	-1251.4154	-1866.5476	200.0	-794.44434	8.856585e-05	-794.44305	-794.44434	336000	-2.6702882e-08	178038.02	-0.0023037007	-49.984375	1.2274207	0.0031415187	0.021833334	79.0	249.01554703712463
28	-1525.0427	131.74301	-1203.8921	-1839.4619	200.0	-790.7365	9.773887e-05	-790.7352	-790.7366	348000	0.0	166400.88	-0.0024578196	-821.78125	1.2231798	0.002634158	0.023333333	79.0	257.8682293891907
29	-1463.5549	152.31024	-1193.0134	-1837.0355	200.0	-776.27936	0.00013944674	-776.2781	-776.27936	360000	5.086263e-09	156262.55	-0.0019526316	-1433.375	1.2420555	0.0025600176	0.016333334	79.0	266.6117558479309
30	-1452.1289	128.56166	-1235.9957	-1811.3098	200.0	-756.36035	0.00010040237	-756.3592	-756.36035	372000	5.722046e-09	151307.95	-0.0011242434	-655.2656	1.2342815	0.0025704824	0.0115	79.0	275.6622757911682
31	-1528.9355	124.91308	-1263.6296	-1818.5452	200.0	-742.252	9.4525705e-05	-742.251	-742.25195	384000	-1.1444092e-08	165932.6	-0.0018891634	-144.35938	1.2236952	0.0027441918	0.01925	79.0	284.49925899505615
32	-1483.6849	156.94934	-1110.0664	-1841.1061	200.0	-748.211	9.267333e-05	-748.21014	-748.21106	396000	-5.086263e-09	158461.83	-0.0017481537	-116.796875	1.2292613	0.0033117593	0.011916666	79.0	293.3401231765747
33	-1445.987	143.0826	-1117.9084	-1833.3257	200.0	-742.58484	0.00014791427	-742.58386	-742.5847	408000	-1.9073486e-08	150625.42	-0.0020890578	-528.7969	1.2253829	0.0031757234	0.019416668	79.0	302.2144901752472
34	-1412.2048	125.07658	-1102.1954	-1724.0333	200.0	-729.53906	7.632039e-05	-729.53815	-729.53906	420000	6.357829e-09	142774.53	-0.0018412292	-726.3125	1.2087098	0.0032067026	0.0123333335	79.0	311.15525555610657
35	-1447.0686	125.52183	-1164.6221	-1787.5945	200.0	-713.7627	0.00018392	-713.7621	-713.7629	432000	-5.086263e-09	148941.14	-0.0022157084	0.3125	1.2022573	0.0036126787	0.020083332	79.0	320.0464520454407
36	-1466.2521	155.59454	-1115.0657	-1801.2714	200.0	-712.88574	0.00012937917	-712.8851	-712.88586	444000	5.086263e-09	153848.12	-0.0013224768	-18.6875	1.2223915	0.0024640248	0.015416667	79.0	328.8637766838074
37	-1397.2935	152.22328	-1148.7767	-1801.3188	200.0	-715.47235	0.0001534845	-715.4715	-715.4722	456000	-9.536743e-09	140073.28	-0.0024507744	-312.96875	1.209274	0.002742135	0.019166667	79.0	337.7085876464844
38	-1437.9425	158.9155	-1031.5817	-1842.3882	200.0	-704.8319	9.5261785e-05	-704.8311	-704.83185	468000	2.0345052e-08	149327.75	-0.00250148	-68.140625	1.2076154	0.005212836	0.024083333	79.0	346.5346884727478
39	-1429.8191	179.04091	-903.3192	-1829.8922	200.0	-709.612	0.00013840207	-709.61127	-709.6119	480000	-6.9936115e-09	147835.36	-0.0017658031	-65.328125	1.2035806	0.0036559696	0.02175	79.0	355.3980746269226
40	-1410.4071	127.69201	-1155.9769	-1772.856	200.0	-704.67773	3.319269e-05	-704.67725	-704.67773	492000	-3.8146974e-09	140548.33	-0.0023832284	-127.9375	1.2040952	0.0028334178	0.02875	79.0	364.5564081668854
41	-1397.1654	167.814	-1106.0846	-1856.0449	200.0	-697.2262	7.543873e-05	-697.2257	-697.22626	504000	7.629395e-09	141033.08	-0.0027022648	-0.0625	1.181772	0.0031529376	0.022666667	79.0	373.39674496650696
42	-1414.8035	150.44037	-1013.27966	-1667.5642	200.0	-697.287	0.00014850912	-697.2863	-697.28687	516000	-8.90096e-09	142904.7	-0.0015847315	-9.421875	1.1683872	0.0019995947	0.012	79.0	382.29031896591187
43	-1447.8281	140.54477	-1142.2826	-1718.0358	200.0	-699.3668	0.00012678576	-699.36633	-699.3667	528000	1.5894572e-09	149378.5	-0.002040433	-256.40625	1.1610953	0.0042379326	0.024583334	79.0	391.0986294746399
44	-1386.8251	163.12918	-884.863	-1695.7804	200.0	-710.382	6.639707e-05	-710.38165	-710.3821	540000	1.1444092e-08	138266.23	-0.0013830985	-448.75	1.1684563	0.0025541203	0.0125	79.0	400.0316867828369
45	-1440.9343	156.36002	-1162.6613	-1728.2056	200.0	-695.8473	0.00012854749	-695.84674	-695.84717	552000	-8.265177e-09	147936.39	-0.0022411614	-137.51562	1.1479393	0.003574609	0.017083334	79.0	408.89185070991516
46	-1384.0151	188.3454	-902.13947	-1725.4279	200.0	-703.85315	0.0001348771	-703.85254	-703.853	564000	-1.9073487e-09	140501.66	-0.0022611693	-573.1094	1.1616695	0.0026980117	0.022083333	79.0	417.7116732597351
47	-1358.7941	160.57712	-887.1381	-1688.6436	200.0	-686.6927	2.7702163e-05	-686.69214	-686.6927	576000	5.086263e-09	132930.7	-0.001988369	-398.6875	1.159205	0.004019275	0.01975	79.0	426.5351417064667
48	-1317.8354	164.2611	-885.1657	-1633.5739	200.0	-671.58356	5.6310237e-05	-671.5831	-671.58356	588000	-1.2715658e-08	125374.1	-0.002392845	-451.08594	1.1455694	0.004680936	0.025083333	79.0	435.43607354164124
49	-1325.9662	183.51494	-900.68396	-1687.5605	200.0	-655.3535	0.00012469087	-655.353	-655.35364	600000	-7.311503e-09	127836.34	-0.0025169163	-1.9765625	1.1488417	0.0042404183	0.027333334	79.0	444.3497450351715
50	-1366.6305	180.42525	-971.76074	-1692.9467	200.0	-653.985	1.984816e-05	-653.98456	-653.985	612000	-2.5431315e-09	136477.17	-0.0019041658	-361.42188	1.1278384	0.003401552	0.023333333	79.0	453.4290518760681
51	-1325.8055	220.23232	-877.68933	-1680.1776	200.0	-668.8119	6.271096e-05	-668.81134	-668.8119	624000	-7.629395e-09	132949.1	-0.0028272513	-478.32812	1.128405	0.0026524598	0.022333333	79.0	462.22817611694336
52	-1363.4324	211.76848	-778.3742	-1654.7086	200.0	-651.63934	3.1022034e-06	-651.6392	-651.63934	636000	-1.3351441e-08	138776.23	-0.0026697738	-166.95312	1.1355134	0.0037772984	0.02825	79.0	471.0937399864197
53	-1314.7645	249.56226	-758.78174	-1767.9592	200.0	-661.8123	0.0021402077	-661.6462	-661.81244	648000	0.0	135280.3	-0.0024491502	-972.84375	1.1302507	0.0028069827	0.01975	79.0	479.9429295063019
54	-1229.1418	242.9718	-816.7202	-1739.3773	200.0	-639.93884	6.502915	-621.97296	-642.73724	660000	-6.3578287e-10	120695.82	-0.00286225	-3936.3984	1.1236731	0.0030533797	0.021166667	79.0	488.8417019844055
55	-1280.1172	217.0216	-895.9416	-1724.5574	200.0	-601.19635	52.109947	-401.34695	-629.3331	672000	-7.629395e-09	120873.836	-0.0022041944	-1262.6797	1.1269499	0.0019643067	0.01975	79.0	497.6068515777588
56	-1196.6656	259.52646	-625.6524	-1681.0494	200.0	-594.7287	63.201515	-276.0691	-641.3684	684000	-1.0808309e-08	110003.69	-0.004032137	-4658.2188	1.1195313	0.0057534617	0.03575	79.0	506.48405051231384
57	-1229.1259	238.96815	-854.70056	-1691.286	200.0	-575.45355	57.90169	-396.86273	-657.0481	696000	2.861023e-09	110073.664	-0.0037895557	-8500.031	1.1144165	0.002889306	0.03575	79.0	515.3234102725983
58	-1160.1079	197.89354	-747.38306	-1576.1492	200.0	-534.234	58.816776	-249.24974	-695.041	708000	-1.2715657e-09	88827.15	-0.0032523856	-4361.047	1.1117157	0.003983424	0.02925	79.0	524.2071421146393
59	-1174.4243	242.88657	-624.3227	-1598.5605	200.0	-571.5805	101.42971	-336.86206	-716.94037	720000	3.8146974e-09	96987.57	-0.0031462668	-6197.258	1.0946882	0.0033795757	0.030666666	79.0	533.0159106254578
60	-1176.962	261.94373	-622.7081	-1689.7349	200.0	-551.57886	95.20461	-308.9288	-739.996	732000	-2.5431315e-09	92713.02	-0.0026710408	-4474.172	1.1056702	0.0036199093	0.0225	79.0	542.1637279987335
61	-1178.4895	241.61491	-680.3629	-1610.5469	200.0	-540.66064	122.38008	-213.43114	-767.17957	744000	3.8146974e-09	88438.25	-0.003050537	-3200.0547	1.0888132	0.0031207663	0.026083333	79.0	551.0555348396301
62	-1157.1368	250.0552	-629.43524	-1641.3507	200.0	-547.42175	110.98138	-378.65955	-795.4722	756000	-7.629395e-09	93319.27	-0.0028293228	-2464.789	1.0815227	0.0034133985	0.020583333	79.0	559.9284110069275
63	-1105.166	258.31717	-724.0712	-1564.443	200.0	-527.60205	93.93057	-377.79254	-814.6592	768000	3.8146974e-09	78396.62	-0.0024835193	-6015.2344	1.0721586	0.00197195	0.02225	79.0	568.8096015453339
64	-1099.3453	292.41443	-534.4473	-1516.9426	200.0	-514.74274	140.98897	-334.06494	-837.7744	780000	-6.357829e-09	74991.29	-0.0030361048	-4414.8594	1.059493	0.0031385561	0.02375	79.0	577.6311902999878
65	-1123.0992	266.2258	-627.22955	-1539.1132	200.0	-510.09967	177.57774	-152.63568	-860.71	792000	6.3578287e-10	75242.37	-0.0038207774	-5591.828	1.0396422	0.0031438717	0.033416666	79.0	586.4515798091888
66	-1057.5172	296.9386	-631.2526	-1618.8065	200.0	-479.85788	161.73679	-244.32994	-895.357	804000	-1.0172526e-08	70739.81	-0.0036791624	-3535.7344	1.0415154	0.002968965	0.027916666	79.0	595.2864785194397
67	-1043.2483	218.12282	-646.25256	-1527.6495	200.0	-460.9175	137.7331	-250.08273	-916.75684	816000	1.780192e-08	59639.246	-0.0040603504	-5112.414	1.0159796	0.0028800478	0.03475	79.0	604.1621577739716
68	-998.75323	275.51465	-505.0562	-1542.6809	200.0	-467.74054	190.17046	-250.54526	-931.3926	828000	-5.086263e-09	48187.938	-0.0032308274	-2182.9766	1.0139016	0.002059482	0.025333334	79.0	612.979483127594
69	-1056.2986	251.89679	-628.71234	-1511.7554	200.0	-479.71478	177.53215	-236.0279	-944.25244	840000	6.357829e-09	47409.387	-0.0026755154	-2529.1406	0.99150115	0.002733544	0.0255	79.0	621.8001570701599
70	-1011.86786	236.72777	-607.1842	-1438.9977	200.0	-438.7551	186.4293	-223.29102	-955.2085	852000	-6.357829e-09	44666.617	-0.0035428416	-1930.0547	0.98468703	0.002707921	0.030666666	79.0	630.9563298225403
71	-1067.3527	247.06136	-621.5689	-1621.3174	200.0	-490.2736	216.06119	-238.63179	-969.2861	864000	-2.1616618e-08	49004.586	-0.0031904506	-2295.9727	0.98288345	0.0026081067	0.037333332	79.0	639.7599761486053
72	-1003.99396	191.79485	-628.57837	-1449.0493	200.0	-423.5673	166.44466	-271.14877	-980.5919	876000	7.629395e-09	41969.18	-0.003297062	-4560.258	0.9520441	0.0044529983	0.032	79.0	648.652045249939
73	-1020.7822	191.57297	-622.9315	-1387.0388	200.0	-462.47162	210.76471	-269.47546	-986.72473	888000	2.0345052e-08	43694.348	-0.0032208683	-2548.3984	0.96611995	0.0048902826	0.031166667	79.0	657.4718952178955
74	-966.2747	159.33394	-635.5364	-1389.246	200.0	-403.3619	160.6384	-277.55713	-997.2326	900000	1.780192e-08	45484.82	-0.0019049149	-3782.4023	0.97113234	0.003353481	0.017916666	79.0	666.2788624763489
75	-973.02246	171.66425	-634.6741	-1332.7145	200.0	-456.12274	178.96246	-284.1706	-1003.3011	912000	-2.5431315e-09	43584.89	-0.0042976737	-1974.3672	0.96077245	0.005075286	0.037583333	79.0	675.1767823696136
76	-900.3365	150.10078	-621.4386	-1273.5974	200.0	-418.0625	129.97894	-280.11035	-1002.1099	924000	-5.086263e-09	38511.04	-0.004252469	-4158.664	0.9493633	0.005406803	0.037916668	79.0	684.0450367927551
77	-921.5871	152.7267	-635.6885	-1289.5695	200.0	-424.80533	184.18466	-244.05681	-998.87787	936000	-2.5431315e-09	34136.07	-0.0032139306	-2301.871	0.9615703	0.0031145553	0.033333335	79.0	692.8660781383514
78	-935.9393	177.25575	-506.79327	-1280.8191	200.0	-425.39258	193.96765	-204.8044	-993.61646	948000	1.780192e-08	32048.291	-0.0036137465	-1435.5391	0.94203705	0.0026904084	0.03641667	79.0	701.7340550422668
79	-890.5984	150.60907	-553.0103	-1232.8772	200.0	-367.89526	154.08884	-199.57141	-992.02625	960000	1.2715657e-09	33673.28	-0.0040967055	-2251.6582	0.95116436	0.0054123527	0.040666666	79.0	710.5218935012817
80	-816.26086	148.35782	-626.7996	-1110.1798	200.0	-378.13474	152.19867	-198.29012	-994.0076	972000	4.45048e-09	24280.139	-0.002856727	-2504.4941	0.93186635	0.0035566145	0.031166667	79.0	719.6380569934845
81	-822.23706	133.57764	-510.3073	-1155.5337	200.0	-352.63333	168.1473	-158.24495	-937.22894	984000	-1.1444092e-08	27346.67	-0.0029393157	-2172.7812	0.9303178	0.00240708	0.032916665	79.0	728.5440175533295
82	-815.24506	126.13873	-626.9113	-1151.7743	200.0	-361.66553	161.68414	-171.40005	-941.71356	996000	-7.629395e-09	23754.297	-0.0034698257	-2268.8516	0.9193285	0.0040713684	0.037916668	79.0	737.506404876709
83	-811.9476	149.15997	-504.49564	-1125.4741	200.0	-356.11746	175.9209	-97.7504	-941.0498	1008000	-7.629395e-09	20142.31	-0.002580447	-1335.2383	0.9104857	0.002800065	0.023166666	79.0	746.5375285148621
84	-799.4873	134.22385	-502.2441	-1095.4407	200.0	-351.46167	173.14574	-140.371	-925.674	1020000	7.629395e-09	19089.477	-0.0026312766	-1256.9277	0.89444077	0.0032589233	0.027083334	79.0	755.5015697479248
85	-790.5144	132.31688	-502.81885	-1096.9103	200.0	-337.54297	165.79465	-132.93178	-851.6519	1032000	1.1444092e-08	19300.344	-0.0038749408	-1198.9727	0.8882458	0.0039585317	0.036083333	79.0	764.5033023357391
86	-779.58307	117.7249	-509.10803	-1030.5627	200.0	-331.8673	163.96202	-137.2189	-887.79095	1044000	5.086263e-09	21084.79	-0.0027625388	-1015.68945	0.88388455	0.0035637773	0.026416667	79.0	773.4788029193878
87	-778.3165	139.47105	-503.83475	-1023.4923	200.0	-316.9545	152.49971	-100.09595	-876.57336	1056000	-1.3987223e-08	20614.047	-0.0030922408	-1186.8281	0.88131624	0.0030785336	0.030666666	79.0	782.4350147247314
88	-723.9668	136.62912	-380.43506	-1033.8655	200.0	-315.65442	149.83022	-132.12334	-884.29663	1068000	1.0172526e-08	18098.506	-0.0036926372	-1116.7832	0.8786066	0.0027870184	0.0365	79.0	791.2962288856506
89	-737.412	118.31547	-377.4966	-1001.2157	200.0	-294.1816	144.91309	-140.08208	-848.0883	1080000	1.2715658e-08	20424.629	-0.0030773953	-1175.25	0.8668138	0.0042981533	0.031416666	79.0	800.2954812049866
90	-739.9355	121.096115	-500.39334	-959.4089	200.0	-338.02823	153.16936	-132.63333	-855.53143	1092000	-1.525879e-08	17696.434	-0.003920512	-1703.7871	0.8511745	0.0027086502	0.04275	79.0	809.6077451705933
91	-713.0585	117.52791	-497.2028	-998.57635	200.0	-305.3224	153.98813	-139.42188	-871.50397	1104000	1.2715658e-08	14395.32	-0.0041471175	-1218.5615	0.8431133	0.0032668991	0.04	79.0	818.6338064670563
92	-708.59534	128.3734	-412.4019	-1061.7275	200.0	-286.27032	154.01477	-106.23277	-821.425	1116000	1.2079875e-08	14842.127	-0.003914001	-844.6113	0.83867544	0.0038153897	0.03625	79.0	827.5733115673065
93	-669.7848	118.596565	-486.19638	-972.6929	200.0	-282.4741	144.0643	-113.041985	-825.3367	1128000	1.525879e-08	15607.5625	-0.004119034	-868.87695	0.8371361	0.0043387045	0.0365	79.0	836.4799826145172
94	-645.407	128.59746	-369.03937	-939.08624	200.0	-268.809	134.20604	-108.681274	-736.14954	1140000	1.2715658e-08	12501.263	-0.003960869	-1018.9717	0.8154861	0.0033018268	0.040916666	79.0	845.3615300655365
95	-605.45746	124.49387	-373.0666	-890.44666	200.0	-244.5998	136.1194	-63.641174	-731.44635	1152000	-6.357829e-09	15156.205	-0.0041852593	-1183.8477	0.81039	0.0035964174	0.046083335	79.0	854.1571493148804
96	-608.0568	119.06404	-371.63144	-878.93823	200.0	-252.67606	130.8472	-82.15914	-683.2813	1164000	-1.525879e-08	10520.837	-0.0049238587	-924.4619	0.79561704	0.006358056	0.05175	79.0	862.9465408325195
97	-512.0054	155.4417	-126.58454	-827.78955	200.0	-210.25546	127.64692	-62.969406	-679.5567	1176000	0.0	10128.799	-0.0046939496	-1395.5986	0.7726731	0.0043552043	0.04525	79.0	871.750935792923
98	-465.14987	173.71333	-128.54143	-906.87476	200.0	-178.33595	132.92723	-48.87064	-634.9932	1188000	-1.7166137e-08	8964.561	-0.007999266	-1882.2925	0.74821013	0.004917989	0.06825	79.0	880.6263356208801
99	-309.99942	161.25406	-0.8306815	-726.41046	200.0	-107.27983	115.04993	-20.204275	-669.32135	1200000	0.0	4544.904	-0.0069014383	-1666.6316	0.7522168	0.0017369451	0.04875	79.0	889.4822165966034
100	-320.70462	165.87852	-0.58648366	-750.4252	200.0	-79.25292	112.38776	-5.803258	-611.7614	1212000	-2.0345052e-08	2887.5684	-0.0090626525	-415.08594	0.7279547	0.006879384	0.06358334	79.0	898.6257030963898
101	-323.0987	169.0124	-0.5295536	-708.65546	200.0	-70.915825	116.95386	5.796608	-546.5909	1224000	-1.2715657e-09	1337.2666	-0.0066231843	-576.2134	0.7022173	0.002602983	0.049333334	79.0	907.4195673465729
102	-247.1663	173.61292	-0.5559023	-642.0435	200.0	-39.388382	86.58226	23.06442	-541.70734	1236000	1.525879e-08	1948.915	-0.00849236	-577.2754	0.6734105	0.0070138904	0.05558333	79.0	916.2340245246887
103	-246.64114	153.07802	-0.73576814	-578.29834	200.0	-47.02569	96.236755	4.7619553	-547.0314	1248000	-3.051758e-08	592.72504	-0.0046295063	-393.3597	0.68291146	0.0039034935	0.031666666	79.0	925.1326560974121
104	-253.20833	134.24698	-1.4502304	-522.2753	200.0	-39.69662	89.350044	9.692401	-541.17175	1260000	5.086263e-09	472.12637	-0.006215118	-213.95258	0.6816322	0.006773693	0.055166665	79.0	933.9496967792511
105	-234.1023	133.43672	-0.68602407	-557.99176	200.0	-33.42907	80.66668	13.506706	-470.89197	1272000	-4.45048e-09	173.45686	-0.006572191	-68.59018	0.62181807	0.0044921716	0.05558333	79.0	942.8099415302277
106	-221.44473	141.73572	-0.34735957	-514.1178	200.0	-29.271044	72.21644	8.957673	-478.16235	1284000	-1.0172526e-08	828.78	-0.006694468	-225.0426	0.5852645	0.003272583	0.038916666	79.0	951.6319370269775
107	-207.65538	137.02325	-0.24888158	-507.75955	200.0	-29.67198	73.71551	30.117706	-474.24628	1296000	5.086263e-09	196.05612	-0.005216245	-110.12962	0.58716357	0.002807021	0.029083334	79.0	960.4435298442841
108	-266.41577	154.832	-0.27529323	-595.4156	200.0	-38.83813	87.97748	12.458553	-485.93307	1308000	0.0	307.95908	-0.0068650437	-88.218445	0.5650776	0.0046297926	0.037666667	79.0	969.2365052700043
109	-224.50514	128.83965	-0.6155154	-553.7637	200.0	-30.131502	73.60107	17.572966	-499.64798	1320000	-7.629395e-09	126.08033	-0.0068253097	-35.22216	0.56309944	0.0051965327	0.036583334	79.0	977.9877073764801
110	-207.26706	127.737366	-0.41296542	-571.1888	200.0	-27.108023	70.36915	20.845982	-489.70914	1332000	1.0172526e-08	192.39781	-0.008743696	-81.844	0.55614394	0.010032336	0.08325	79.0	987.1914067268372
111	-170.72731	105.83969	-0.26323304	-477.28714	200.0	-19.776968	58.693466	9.146761	-495.1386	1344000	-1.5894573e-08	104.17023	-0.005828778	-71.81031	0.4608899	0.0031790552	0.039583333	79.0	996.0428574085236
112	-203.6203	123.23753	-0.16795439	-530.49774	200.0	-23.48947	61.82969	9.420814	-423.0293	1356000	1.9073486e-08	189.26181	-0.008698162	-72.79796	0.40289605	0.0035274518	0.0365	79.0	1004.8747627735138
113	-196.56578	128.02269	-0.24722087	-395.58005	200.0	-25.77582	67.66588	7.2748203	-489.26663	1368000	2.5431315e-09	241.37616	-0.007023915	-135.75717	0.43707785	0.0055967956	0.05675	79.0	1013.6920127868652
114	-184.56532	122.14241	-0.23227093	-465.59857	200.0	-21.083895	59.128372	11.32855	-371.88147	1380000	-2.5431315e-09	107.95546	-0.0060175555	-41.810127	0.37300977	0.0030308694	0.031666666	79.0	1022.480087518692
115	-175.46263	134.95703	-0.20897515	-513.2669	200.0	-20.23365	58.07619	7.6414375	-394.71158	1392000	7.629395e-09	81.69171	-0.005626808	-30.580143	0.3715722	0.0036565328	0.033416666	79.0	1031.29518532753
116	-208.08783	124.94051	-0.41205597	-480.85312	200.0	-24.835701	65.77948	7.217314	-421.5771	1404000	-1.0172526e-08	82.70839	-0.0062548956	-34.736137	0.33648634	0.0037968282	0.03025	79.0	1040.038746356964
117	-211.53688	123.143684	-0.41067874	-492.53305	200.0	-24.508102	63.17403	13.383013	-419.3683	1416000	-2.5431315e-09	212.96558	-0.007772527	-63.092102	0.37011108	0.002894838	0.0395	79.0	1048.9172365665436
118	-174.02168	111.5611	-0.20439427	-480.56903	200.0	-20.775017	58.96811	8.556088	-423.60437	1428000	-7.629395e-09	130.07631	-0.005976634	-83.75433	0.38373983	0.006995201	0.07258333	79.0	1057.7025034427643
119	-175.1429	98.42831	-0.17316492	-376.96207	200.0	-20.018314	54.63285	13.1291275	-397.55597	1440000	-6.6757204e-09	117.61679	-0.0073840446	-45.47403	0.32308134	0.00669112	0.05075	79.0	1066.4365360736847
120	-167.1044	110.81289	-0.20907344	-420.69434	200.0	-18.094551	54.17131	8.149123	-403.00995	1452000	8.90096e-09	93.42356	-0.0057878583	-69.581665	0.28291282	0.0031506824	0.029666666	79.0	1075.6206753253937
121	-177.08263	124.02354	-0.33930925	-632.93396	200.0	-17.20725	49.357616	9.552286	-399.20316	1464000	-2.5431316e-08	1452.3475	-0.007719065	-486.4815	0.24650784	0.0068058656	0.048916668	79.0	1084.4688532352448
122	-181.50934	92.15475	-0.17498481	-402.0069	200.0	-22.129068	56.75041	9.729787	-360.2584	1476000	5.086263e-09	203.05325	-0.004026103	-170.10231	0.267846	0.0021347753	0.026666667	79.0	1093.2745990753174
123	-197.09193	120.25555	-0.2301834	-499.59442	200.0	-21.501057	57.097206	16.43246	-372.96396	1488000	-1.1444092e-08	172.9067	-0.008335342	-108.5745	0.24178386	0.0053699035	0.03641667	79.0	1102.1018857955933
124	-184.07161	116.15633	-0.25438064	-444.39682	200.0	-20.689602	59.41312	7.959901	-399.01767	1500000	-7.629395e-09	106.38553	-0.00572101	-69.896576	0.2591995	0.006340855	0.062	79.0	1110.918356180191
125	-206.96782	103.0086	-0.32057726	-432.88834	200.0	-21.996906	58.46248	9.2119255	-375.98337	1512000	-1.0172526e-08	137.35423	-0.0055268654	-65.2201	0.1928818	0.0056535695	0.04925	79.0	1119.7043645381927
126	-136.49281	84.96691	-0.15795021	-364.09195	200.0	-13.377336	43.318035	7.761691	-378.64636	1524000	-1.525879e-08	95.58702	-0.0073123244	-72.215485	0.19214046	0.005986539	0.0545	79.0	1128.5239312648773
127	-171.85696	93.450005	-0.13328554	-372.24023	200.0	-16.120739	46.2359	8.155258	-299.22028	1536000	5.086263e-09	86.71353	-0.0073974025	-72.19803	0.13920875	0.004184896	0.030583333	79.0	1137.3948104381561
128	-160.70995	108.843254	-0.21432823	-401.692	200.0	-17.204964	51.863415	6.1452255	-371.457	1548000	-5.086263e-09	71.985634	-0.0065557924	-53.493317	0.15532535	0.0047250004	0.046666667	79.0	1146.325528383255
129	-177.55357	101.19809	-0.18289408	-425.23703	200.0	-18.443317	54.214874	7.293376	-396.4167	1560000	-2.0345052e-08	65.433014	-0.0074087395	-26.674995	0.12088603	0.0052142185	0.042916667	79.0	1155.1500568389893
130	-169.30695	87.32671	-0.26324624	-363.0753	200.0	-16.673193	49.018806	6.3034353	-366.62238	1572000	-1.2715657e-09	47.423782	-0.006152187	-26.610529	0.06342381	0.0042947475	0.046833333	79.0	1164.289180278778
131	-151.51053	83.402504	-0.22478615	-370.1138	200.0	-13.525172	41.89421	3.2751913	-346.26175	1584000	-1.2715657e-09	33.220715	-0.006183881	-22.990253	0.021717232	0.0034288927	0.024416666	79.0	1173.1549234390259
132	-160.62912	89.990204	-0.12602045	-453.1893	200.0	-15.961238	47.292194	4.149232	-371.5404	1596000	-2.5431315e-09	60.487663	-0.0067542116	-41.410393	0.045997713	0.0037067248	0.034666665	79.0	1181.9647841453552
133	-197.00119	97.46076	-0.6940887	-394.1339	200.0	-20.781664	56.69724	9.420142	-391.34656	1608000	6.9936115e-09	54.36953	-0.0064137313	-33.489906	0.0077892966	0.005707776	0.03533333	79.0	1190.7002913951874
134	-156.14583	85.668304	-0.24134615	-427.59143	200.0	-13.812013	43.164463	6.203559	-350.33026	1620000	-2.5431315e-09	63.290764	-0.0073545775	-23.599033	0.004169138	0.004310505	0.030583333	79.0	1199.585746049881
135	-172.97838	84.30674	-0.14346343	-356.89822	200.0	-17.387344	50.058975	4.413823	-372.36472	1632000	1.0172526e-08	56.44238	-0.005032466	-40.566177	0.03174138	0.0038634243	0.033333335	79.0	1208.4691815376282
136	-175.6448	96.69267	-0.15152642	-387.71378	200.0	-17.349539	49.745846	3.6816568	-360.46982	1644000	5.086263e-09	34.79875	-0.008179125	-24.83762	-0.002747013	0.0054758964	0.04325	79.0	1217.2732207775116
137	-145.50546	90.24762	-0.19953726	-340.56772	200.0	-13.587192	43.65527	3.0502653	-341.73337	1656000	-1.0172526e-08	61.77096	-0.005913846	-41.294216	0.044806693	0.00711159	0.066583335	79.0	1226.1732597351074
138	-189.78758	93.78401	-0.073857725	-393.70755	200.0	-18.657484	52.37149	3.547083	-359.2792	1668000	1.0172526e-08	36.50931	-0.006326013	-17.558638	-0.0010475528	0.005562123	0.06666667	79.0	1234.9731123447418
139	-156.61029	112.75284	-0.11778768	-597.00146	200.0	-15.229062	48.08532	3.9018478	-363.02176	1680000	-8.90096e-09	102.025665	-0.0040891366	-61.590668	-0.07211495	0.0022609287	0.025583332	79.0	1243.7671110630035
140	-152.21352	111.48023	-0.08409047	-452.68018	200.0	-15.079237	50.160397	8.176773	-405.69217	1692000	2.5431315e-09	19.973873	-0.0067881546	-10.773422	-0.06227412	0.0041682147	0.0535	79.0	1252.99480843544
141	-136.10599	84.30619	-0.079062745	-346.16824	200.0	-11.881657	40.02897	4.9719114	-349.37802	1704000	-6.9936115e-09	17.173822	-0.0059980783	-10.216768	-0.12601703	0.0029260556	0.03675	79.0	1261.8903818130493
142	-171.75795	96.10574	-0.12454638	-413.08685	200.0	-16.547108	48.909008	2.9832487	-360.3657	1716000	-1.1444092e-08	14.320138	-0.0054334383	-8.475208	-0.16628036	0.0045916666	0.035916667	79.0	1270.688315629959
143	-164.97914	101.28863	-0.07192059	-391.55206	200.0	-16.26008	49.137157	4.255047	-372.75467	1728000	-6.357829e-09	63.67764	-0.0071482337	-30.209187	-0.15064555	0.0061983997	0.048416667	79.0	1279.4725065231323
144	-140.73322	97.73784	-0.07431611	-370.96838	200.0	-13.481081	43.887554	4.176193	-372.47614	1740000	-2.5431315e-09	17.685278	-0.006503314	-13.542156	-0.18317671	0.004888632	0.042416666	79.0	1288.3817422389984
145	-165.48459	98.380264	-0.09752955	-434.97543	200.0	-15.987455	48.338196	4.373852	-344.01254	1752000	2.5431315e-09	55.95426	-0.007057847	-36.768616	-0.13919957	0.008807326	0.07625	79.0	1297.2140035629272
146	-170.62654	102.14776	-0.066065684	-377.59283	200.0	-17.601778	51.777325	4.081087	-395.4998	1764000	5.086263e-09	52.069485	-0.006263837	-43.92768	-0.20670162	0.0048152967	0.04175	79.0	1306.0762133598328
147	-138.99771	81.41475	-0.096960306	-376.72675	200.0	-11.905399	40.19753	4.855505	-353.9954	1776000	2.5431315e-09	18.956192	-0.005862846	-14.433275	-0.23030452	0.0008715398	0.018083334	79.0	1314.9125936031342
148	-166.7339	93.66084	-0.07971117	-412.57507	200.0	-15.0611515	46.02626	3.1312447	-332.60724	1788000	-1.1444092e-08	47.57942	-0.0059542204	-40.634556	-0.24300179	0.003278471	0.024916667	79.0	1323.7560284137726
149	-160.39742	115.835724	-0.10471916	-446.85184	200.0	-15.880187	50.34432	6.126136	-370.38278	1800000	1.1444092e-08	43.26765	-0.008982137	-28.7933	-0.24825755	0.007902948	0.041416667	79.0	1332.6271345615387
150	-170.9419	106.36312	-0.06981369	-443.78897	200.0	-16.831398	51.387917	2.542635	-379.99857	1812000	1.1444092e-08	31.52403	-0.0058129556	-25.448881	-0.24095371	0.0032689762	0.0395	79.0	1341.8124525547028
151	-144.32053	105.06843	-0.14561372	-396.69434	200.0	-14.301661	47.402607	2.2339258	-375.75385	1824000	0.0	64.53738	-0.0033789114	-56.68527	-0.2106828	0.0045999037	0.036583334	79.0	1350.562691450119
152	-148.73201	92.59567	-0.08924135	-462.2653	200.0	-13.50259	42.954334	2.9160166	-342.79016	1836000	-5.086263e-09	35.14344	-0.007442079	-25.770905	-0.22265184	0.0054242243	0.030666666	79.0	1359.3490800857544
153	-148.7293	104.093575	-0.13248748	-467.0748	200.0	-14.287573	47.00348	3.8033934	-411.60645	1848000	2.5431315e-09	21.803228	-0.0076088905	-15.373491	-0.19891968	0.010131491	0.08425	79.0	1368.141274690628
154	-175.64325	87.578224	-0.09484708	-457.60663	200.0	-16.435036	49.39185	1.9406166	-411.04852	1860000	1.3987223e-08	14.883062	-0.0064215274	-7.059326	-0.2775413	0.0026594168	0.026833333	79.0	1376.9933133125305
155	-183.44559	119.15842	-0.19049558	-439.38925	200.0	-19.296713	56.044933	1.0181713	-386.70828	1872000	-1.2715658e-08	38.21719	-0.0066957003	-19.16932	-0.3065352	0.004263631	0.03158333	79.0	1385.8079943656921
156	-154.92302	87.99605	-0.06846024	-388.88553	200.0	-14.356542	45.062027	3.1674242	-378.5484	1884000	-1.0172526e-08	23.161125	-0.0057801893	-14.229398	-0.3022805	0.003091651	0.028666666	79.0	1394.6295328140259
157	-150.55244	90.08652	-0.2188588	-401.74527	200.0	-14.339164	45.290302	2.3048506	-382.89023	1896000	-7.629395e-09	46.39768	-0.006267389	-38.148354	-0.32055175	0.0054297782	0.053833332	79.0	1403.3969304561615
158	-182.52707	83.46325	-0.32246575	-357.37894	200.0	-17.440311	48.97847	4.213498	-363.44177	1908000	7.629395e-09	45.49101	-0.0061219353	-35.498466	-0.3624176	0.003045927	0.0355	79.0	1412.2391774654388
159	-146.8578	106.92577	-0.14747736	-450.52362	200.0	-13.985851	45.120125	1.7541227	-365.05	1920000	-4.45048e-09	33.39107	-0.007148139	-29.60004	-0.3590201	0.006205773	0.04075	79.0	1421.0642702579498
160	-155.53835	79.31119	-0.07532364	-458.9734	200.0	-13.664785	42.222565	1.7419786	-355.20792	1932000	5.086263e-09	32.757183	-0.00654541	-27.26746	-0.2941281	0.007471443	0.041166667	79.0	1430.2647287845612
161	-153.62651	110.09535	-0.06021684	-448.5507	200.0	-15.808299	50.794285	1.5494251	-406.5121	1944000	-1.1444092e-08	62.639473	-0.0070320927	-36.08074	-0.3183491	0.010481238	0.07333333	79.0	1439.0916254520416
162	-182.69525	105.21825	-0.05291499	-391.0853	200.0	-18.803396	53.59752	1.7750473	-404.1305	1956000	0.0	13.230618	-0.008014438	-6.5358596	-0.40796897	0.0040084496	0.026666667	79.0	1447.8585288524628
163	-164.34752	99.97385	-0.07275172	-397.22577	200.0	-16.393255	49.20768	0.9863529	-396.09137	1968000	1.2715658e-08	7.695948	-0.0069023347	-3.6074834	-0.37714615	0.0031223584	0.030166667	79.0	1456.7253754138947
164	-160.45905	99.74793	-0.11495451	-402.62717	200.0	-15.443537	49.097946	1.8084145	-386.90286	1980000	7.629395e-09	47.43612	-0.0068463515	-43.046463	-0.41827607	0.010093334	0.0845	79.0	1465.5200889110565
165	-149.87357	93.50191	-0.13444975	-394.5331	200.0	-13.489727	44.06642	7.4052963	-371.89746	1992000	8.90096e-09	33.069584	-0.005726794	-26.98944	-0.4890616	0.0043774988	0.033333335	79.0	1474.3343796730042
166	-193.31393	98.0258	-0.39112523	-417.07263	200.0	-19.09479	52.599056	2.448494	-371.6628	2004000	1.2079875e-08	88.38802	-0.005271172	-82.25926	-0.4611482	0.012881927	0.10941666	79.0	1483.1407737731934
167	-162.95749	86.25907	-0.044250548	-372.10876	200.0	-14.884253	45.5622	3.9891958	-354.51086	2016000	-2.5431315e-09	20.157923	-0.00470228	-15.404686	-0.4476852	0.0034520954	0.017666666	79.0	1491.9703855514526
168	-160.98192	82.19159	-0.041377008	-370.1408	200.0	-14.77157	44.874424	1.0074501	-380.15347	2028000	5.086263e-09	19.157557	-0.00871236	-15.061226	-0.45258066	0.019812346	0.039833333	79.0	1500.7516577243805
169	-176.63605	81.40942	-3.566493	-377.62537	200.0	-16.48966	48.472065	1.9762058	-371.25894	2040000	-2.5431315e-09	7.7462983	-0.005296009	-4.3232007	-0.45448574	0.0071487324	0.053583335	79.0	1509.5612213611603
170	-156.17216	85.588295	-0.23102029	-388.74033	200.0	-13.969338	43.66302	1.9104319	-364.71368	2052000	6.357829e-09	59.216194	-0.005023345	-54.761337	-0.43700144	0.0048351255	0.036583334	79.0	1518.7248055934906
171	-151.42963	78.909424	-0.06880136	-367.72348	200.0	-13.259787	41.72314	3.3964586	-360.15207	2064000	0.0	10.034061	-0.0055968435	-7.447798	-0.4102143	0.0030886147	0.027083334	79.0	1527.554429769516
172	-144.90408	84.802795	-0.09858256	-341.11807	200.0	-12.658042	40.90283	3.834815	-341.09155	2076000	1.2715658e-08	23.210602	-0.0053270743	-21.09133	-0.38876557	0.010387152	0.085666664	79.0	1536.4077291488647
173	-157.61705	98.894966	-0.06541182	-399.74277	200.0	-14.628867	45.89317	3.2654161	-365.02856	2088000	-1.0172526e-08	45.312103	-0.007111244	-38.78417	-0.4549744	0.004829394	0.052166667	79.0	1545.2558300495148
174	-165.15749	80.11027	-0.050575484	-463.78177	200.0	-15.256497	45.210728	1.5290012	-374.70038	2100000	-1.5576681e-08	28.24101	-0.007294741	-15.945019	-0.476382	0.004412999	0.038833335	79.0	1553.935700893402
175	-152.72736	89.93146	-0.041538764	-382.34732	200.0	-14.372463	44.275356	4.4629145	-355.85266	2112000	6.9936115e-09	24.165241	-0.0055218753	-20.7641	-0.44511002	0.0063182577	0.03158333	79.0	1562.7182834148407
176	-157.65845	87.48235	-0.096702844	-410.70016	200.0	-15.075369	46.078415	3.113346	-377.01007	2124000	6.9936115e-09	13.298679	-0.0082425345	-8.066331	-0.46769366	0.0044251294	0.05225	79.0	1571.528695821762
177	-160.3125	84.31065	-0.41945937	-441.57883	200.0	-14.968414	46.010044	1.8667498	-379.10263	2136000	3.8146974e-09	25.513706	-0.005337434	-17.764685	-0.486052	0.0028554802	0.040333334	79.0	1580.333002090454
178	-137.46481	96.19197	-0.03715743	-367.8767	200.0	-12.703638	42.67657	5.5693703	-372.24747	2148000	8.265177e-09	18.830097	-0.004811732	-16.12638	-0.53774846	0.0108374655	0.093166664	79.0	1589.156014919281
179	-145.25781	84.9464	-0.15505153	-359.82144	200.0	-13.299576	43.05761	5.6632032	-377.93768	2160000	2.0345052e-08	37.886494	-0.0047279103	-34.53877	-0.5660183	0.0046604164	0.031083334	79.0	1597.9486212730408
180	-170.83698	87.31353	-0.6036136	-395.1432	200.0	-15.337949	46.099735	2.3583364	-349.84927	2172000	1.525879e-08	46.881474	-0.0058815945	-43.206635	-0.5631511	0.0051403986	0.035833333	79.0	1607.1544053554535
181	-164.03217	98.143364	-0.088873416	-404.6987	200.0	-15.702948	48.02178	4.5447187	-377.69482	2184000	-7.629395e-09	32.238518	-0.005150747	-28.448717	-0.54544866	0.006020114	0.05675	79.0	1615.9269745349884
182	-147.84906	81.68289	-0.101804405	-375.03287	200.0	-12.647678	40.80704	2.8344889	-377.99588	2196000	-7.629395e-09	9.485049	-0.0075886883	-6.980473	-0.578567	0.002943198	0.02675	79.0	1624.7656209468842
183	-168.56305	105.644806	-0.06329211	-411.9136	200.0	-16.546007	49.181847	4.1174555	-372.68323	2208000	1.525879e-08	53.910538	-0.0058303224	-47.169662	-0.5650097	0.0036505423	0.029916666	79.0	1633.5186455249786
184	-160.2125	108.77816	-0.06736587	-476.65652	200.0	-15.159581	48.72915	4.878478	-384.60495	2220000	-5.086263e-09	31.364614	-0.0074867043	-22.456673	-0.5591586	0.0075432295	0.048916668	79.0	1642.3124630451202
185	-155.35167	95.09897	-0.1803185	-366.02927	200.0	-15.180269	46.924774	7.2652245	-359.5104	2232000	3.1789145e-09	29.769453	-0.005419743	-23.498192	-0.5290299	0.016368365	0.1505	79.0	1651.0715501308441
186	-140.7803	96.06784	-0.03362791	-384.9114	200.0	-12.633832	41.48117	8.786133	-370.56265	2244000	-1.525879e-08	30.35914	-0.00497346	-26.848356	-0.5796306	0.0039480664	0.036333334	79.0	1659.9587857723236
187	-148.93417	77.47123	-0.10842197	-394.0095	200.0	-12.773466	41.72931	4.4847164	-363.71683	2256000	1.0808309e-08	5.936448	-0.007327716	-3.899665	-0.5598186	0.0033424243	0.026333334	79.0	1668.7627494335175
188	-134.32152	79.005844	-0.08288701	-394.10046	200.0	-11.403504	39.087364	5.0902166	-380.86804	2268000	-3.560384e-08	35.332912	-0.0047184317	-32.65589	-0.56749547	0.009283938	0.06891666	79.0	1677.531992673874
189	-175.18262	100.60347	-0.13071145	-407.72232	200.0	-16.730917	49.95114	1.6996202	-377.13306	2280000	7.629395e-09	60.372375	-0.008249889	-48.647053	-0.60877115	0.0055129896	0.04475	79.0	1686.34210729599
190	-175.4472	98.76502	-0.3287068	-428.27036	200.0	-17.607666	50.71431	6.3277273	-366.90137	2292000	0.0	21.176752	-0.007649803	-12.632423	-0.59736395	0.008471938	0.045416668	79.0	1695.5736012458801
191	-181.30174	107.09472	-0.052373465	-385.56094	200.0	-18.680695	54.103485	7.2260656	-380.7254	2304000	2.5431315e-09	32.615208	-0.00687569	-14.859003	-0.6240107	0.003975235	0.041833334	79.0	1704.4049804210663
192	-152.86827	96.05987	-0.02684907	-446.27505	200.0	-14.390115	46.39955	5.9689083	-382.96225	2316000	1.8437703e-08	23.271347	-0.005569964	-18.737965	-0.65398705	0.005947555	0.0585	79.0	1713.2165014743805
193	-138.40308	89.75872	-0.024274435	-381.69693	200.0	-12.376881	41.72763	8.318676	-385.0734	2328000	2.9246012e-08	8.125806	-0.007786312	-6.0382423	-0.6974269	0.0055638524	0.039833333	79.0	1722.0124549865723
194	-165.4729	88.76963	-0.13692345	-365.7565	200.0	-15.176586	45.34635	3.0784912	-347.1231	2340000	-2.0345052e-08	44.432472	-0.007678633	-40.152214	-0.7103648	0.008255512	0.04175	79.0	1730.8694133758545
195	-166.51283	99.40854	-0.10877599	-395.07513	200.0	-16.000856	49.567738	4.079135	-381.98288	2352000	-1.2715658e-08	10.00678	-0.0075319656	-6.699705	-0.72250146	0.007160091	0.04975	79.0	1739.642656326294
196	-158.48468	84.30081	-0.09653138	-364.84354	200.0	-14.2694845	45.435745	2.6935863	-378.31314	2364000	1.2715657e-09	14.558116	-0.006504504	-12.439068	-0.7445664	0.0054136384	0.049333334	79.0	1748.4765129089355
197	-150.07913	103.39637	-0.018360911	-366.9735	200.0	-13.938098	45.718456	2.0820389	-362.3024	2376000	-2.9246012e-08	15.718383	-0.007353345	-13.021807	-0.80080533	0.005518321	0.036166668	79.0	1757.2589011192322
198	-159.8121	96.2357	-0.084747836	-414.17023	200.0	-14.73121	46.279667	13.078814	-359.79663	2388000	2.7974446e-08	33.08389	-0.0041168137	-30.118773	-0.7954304	0.004887806	0.0445	79.0	1766.1316049098969
199	-149.88593	95.85921	-0.026837466	-370.7398	200.0	-13.6692705	44.206726	15.244382	-380.77454	2400000	3.1153363e-08	16.282486	-0.00584331	-8.260674	-0.8250378	0.0026380117	0.0265	79.0	1775.4431796073914
