Epoch	AverageEpRet	StdEpRet	MaxEpRet	MinEpRet	EpLen	AverageVVals	StdVVals	MaxVVals	MinVVals	TotalEnvInteracts	LossPi	LossV	DeltaLossPi	DeltaLossV	Entropy	KL	ClipFrac	StopIter	Time
0	-1711.5469	112.24186	-1384.124	-1906.6318	200.0	0.047032095	0.037311096	0.24659187	-0.16384149	12000	-6.3578287e-10	958562.4	-0.0013557327	-167578.5	0.9248651	0.0033897962	0.01225	79.0	9.66379714012146
1	-1731.6005	113.653175	-1442.3296	-1913.7468	200.0	-102.902916	0.001758959	-102.87503	-102.90309	24000	6.421407e-08	799954.75	-0.0015778453	-128799.75	0.9219158	0.0032767495	0.02275	79.0	18.410976886749268
2	-1736.238	109.932144	-1446.1897	-1903.4758	200.0	-192.20865	0.0013500943	-192.17863	-192.20877	36000	5.4677326e-08	672078.3	-0.0012663349	-105152.625	0.94462323	0.0025492378	0.013083333	79.0	27.322672367095947
3	-1708.2911	113.69189	-1489.9971	-1907.3169	200.0	-274.90503	0.0018285174	-274.863	-274.90524	48000	7.502238e-08	556832.94	-0.000837176	-84051.78	0.9476624	0.0020481178	0.012166667	79.0	36.29207706451416
4	-1739.1603	123.71037	-1338.2034	-1903.0288	200.0	-351.02466	0.0018051997	-350.99783	-351.0248	60000	-6.357829e-09	485493.34	-0.0017552604	-68408.5	0.95283407	0.0023549916	0.024916667	79.0	44.942357778549194
5	-1702.0067	112.85026	-1368.2593	-1899.8297	200.0	-421.71518	0.001695059	-421.68665	-421.71536	72000	3.1153363e-08	401150.56	-0.0014845232	-51918.47	0.9693566	0.0036390743	0.019416668	79.0	53.68895411491394
6	-1732.4192	112.98105	-1465.3661	-1906.3739	200.0	-485.34155	0.001058425	-485.3248	-485.34155	84000	2.5431316e-08	358272.56	-0.0016038642	-41109.375	1.0028126	0.0030165329	0.021	79.0	62.39149713516235
7	-1713.0331	145.37451	-1381.515	-1914.024	200.0	-543.6575	0.0014087305	-543.6399	-543.6576	96000	2.5431315e-09	313122.78	-0.0017835471	-30629.312	1.0136977	0.004089023	0.018583333	79.0	71.1312825679779
8	-1663.7084	120.563675	-1301.0497	-1886.432	200.0	-595.6765	0.0010113519	-595.66595	-595.6766	108000	-1.3987223e-08	264542.44	-0.0014622237	-20631.562	1.0083036	0.004871267	0.01875	79.0	79.84370064735413
9	-1722.9312	119.93028	-1361.5955	-1895.925	200.0	-639.87	0.0005118339	-639.8609	-639.87006	120000	-3.6239623e-08	261836.84	-0.001145223	-16607.469	1.0008918	0.0025333392	0.016	79.0	88.60637259483337
10	-1697.558	134.31999	-1428.4973	-1901.7631	200.0	-680.5498	0.00053850486	-680.5421	-680.5498	132000	2.2570292e-08	236851.05	-0.0016167171	-10830.609	1.0137699	0.0042951037	0.025916666	79.0	97.54445886611938
11	-1675.2188	137.54782	-1436.5991	-1890.9926	200.0	-714.6487	0.00056301005	-714.6413	-714.64886	144000	-5.1339466e-08	218017.64	-0.001057391	-6593.9375	1.0421063	0.0030564812	0.01475	79.0	106.3178403377533
12	-1681.3969	130.25912	-1378.3547	-1882.6681	200.0	-742.125	0.0004707406	-742.11926	-742.1251	156000	8.90096e-09	213902.64	-0.0015729218	-4662.578	1.0547657	0.0036205512	0.018666666	79.0	114.99488043785095
13	-1659.4104	131.43147	-1426.464	-1896.4578	200.0	-765.81915	0.0003621328	-765.81415	-765.8193	168000	7.629395e-09	202434.34	-0.0017436664	-2286.6719	1.0675789	0.0030755594	0.021666666	79.0	123.69547533988953
14	-1659.314	122.61333	-1414.9706	-1874.6913	200.0	-783.1122	0.00030643103	-783.1073	-783.11224	180000	1.6212464e-08	198266.61	-0.0020225379	-1146.3594	1.0711005	0.0036301084	0.02675	79.0	132.39598155021667
15	-1636.4398	136.01244	-1383.6051	-1855.899	200.0	-795.6891	0.00028289043	-795.6843	-795.6891	192000	-3.8146974e-09	191457.39	-0.0022228127	-286.14062	1.0965705	0.0031287512	0.023083333	79.0	141.08178520202637
16	-1646.4504	116.637566	-1436.1927	-1880.1941	200.0	-802.3324	0.00020835633	-802.3284	-802.3325	204000	2.0345052e-08	191036.16	-0.0014804471	-91.625	1.1023263	0.0027362641	0.012833334	79.0	149.82427501678467
17	-1595.7454	118.83094	-1323.2449	-1842.6383	200.0	-806.1416	0.00028671097	-806.1379	-806.1416	216000	-1.9073487e-09	180771.44	-0.0010147458	-27.359375	1.0805591	0.0020768452	0.01	79.0	158.5185170173645
18	-1578.8522	98.34346	-1362.2928	-1802.8108	200.0	-804.32117	0.00026577114	-804.3172	-804.32104	228000	1.9073486e-08	175673.28	-0.0015032724	-144.375	1.0839132	0.0029665185	0.012583333	79.0	167.26968121528625
19	-1611.9128	115.51664	-1398.8494	-1828.975	200.0	-799.54584	0.00025118087	-799.54236	-799.5458	240000	-8.265177e-09	184520.88	-0.0022866959	-3.15625	1.0839847	0.0031729708	0.025166666	79.0	176.0770857334137
20	-1578.6337	114.43025	-1385.3254	-1847.7181	200.0	-800.06366	0.0002157487	-800.0611	-800.0638	252000	-6.3578287e-10	177175.23	-0.0015512328	-47.921875	1.1011784	0.00331698	0.013833334	79.0	185.03575134277344
21	-1625.1259	106.20313	-1410.9143	-1825.9214	200.0	-797.2862	0.00013256483	-797.2837	-797.28625	264000	2.3523967e-08	186633.39	-0.0020279605	-61.65625	1.0829431	0.0044122236	0.015583334	79.0	193.7883973121643
22	-1593.5658	111.940346	-1347.9204	-1838.1058	200.0	-800.43964	0.00017294432	-800.43744	-800.43976	276000	-4.45048e-09	180358.25	-0.0015250467	-10.0625	1.0957333	0.0035565784	0.016666668	79.0	202.48884105682373
23	-1573.5677	124.13552	-1248.013	-1878.1461	200.0	-799.2313	0.00024907343	-799.2289	-799.2312	288000	-5.086263e-09	176663.23	-0.0017902508	-108.65625	1.0728781	0.003324969	0.016833333	79.0	211.24795961380005
24	-1578.4713	98.36094	-1310.6938	-1790.3496	200.0	-794.5702	0.00019911637	-794.568	-794.57007	300000	6.9936115e-09	176283.53	-0.0027138423	-136.1875	1.0871975	0.0039706407	0.023916667	79.0	219.9554579257965
25	-1547.8885	105.52083	-1314.9618	-1791.984	200.0	-789.1043	0.0001394011	-789.1025	-789.1044	312000	9.536743e-09	169996.73	-0.0014672617	-341.59375	1.096055	0.0025782266	0.010666667	79.0	228.7350137233734
26	-1512.0442	106.04676	-1194.7107	-1703.789	200.0	-780.3561	0.00013193574	-780.3544	-780.3561	324000	0.0	163450.3	-0.0023928776	-564.3594	1.0820035	0.0044677104	0.02025	79.0	237.48870205879211
27	-1513.2621	87.87056	-1316.2966	-1657.5497	200.0	-768.7803	0.00012110263	-768.7787	-768.7803	336000	-3.1789145e-09	162331.31	-0.0033079588	-338.96875	1.0829439	0.0046745352	0.04075	79.0	246.231689453125
28	-1495.481	99.76974	-1277.6982	-1675.1046	200.0	-759.4227	0.00012793625	-759.42126	-759.4227	348000	-5.086263e-09	158855.06	-0.0016283346	-263.28125	1.0722958	0.0030951188	0.01925	79.0	255.0468225479126
29	-1502.1339	96.37501	-1332.3179	-1754.5804	200.0	-751.0602	0.00016338356	-751.0587	-751.06006	360000	-1.4623006e-08	159710.64	-0.0017474962	-94.953125	1.105928	0.002599229	0.02125	79.0	263.77219223976135
30	-1494.7133	85.44094	-1249.0011	-1648.7505	200.0	-745.82385	0.00016016352	-745.82245	-745.8237	372000	-1.6848245e-08	157617.77	-0.0015249036	-76.921875	1.1065136	0.002852559	0.012416666	79.0	272.7480022907257
31	-1470.5714	88.991005	-1258.8763	-1662.5856	200.0	-741.1142	0.000109183005	-741.11304	-741.11414	384000	9.536743e-09	152533.23	-0.0012390366	-209.1875	1.0897893	0.002812303	0.009416667	79.0	281.52145051956177
32	-1492.1339	94.860405	-1305.6227	-1688.2926	200.0	-733.3122	6.613237e-05	-733.3111	-733.3122	396000	6.357829e-09	156555.98	-0.0022243774	-10.125	1.0926646	0.003819602	0.018	79.0	290.2591450214386
33	-1489.1195	97.12803	-1277.3577	-1698.199	200.0	-731.29285	9.0965936e-05	-731.29193	-731.2929	408000	-1.2079875e-08	157220.08	-0.0022519347	-10.125	1.0915599	0.0023001204	0.019083334	79.0	299.0677649974823
34	-1501.5233	98.833916	-1234.3911	-1776.4542	200.0	-733.0012	9.625382e-05	-733.00024	-733.0013	420000	-1.6530354e-08	159668.42	-0.001772733	-40.4375	1.0755712	0.003098341	0.016833333	79.0	307.793963432312
35	-1502.1256	97.46609	-1269.1407	-1695.4524	200.0	-736.65076	0.00013206745	-736.65	-736.6509	432000	-2.22524e-08	159254.3	-0.002366234	-0.03125	1.0686961	0.0041691028	0.020833334	79.0	316.48454451560974
36	-1466.5868	88.98605	-1229.4266	-1664.4475	200.0	-736.6279	5.8983987e-05	-736.62714	-736.6279	444000	7.629395e-09	151319.48	-0.0020791357	-212.5	1.0935026	0.0024657475	0.016	79.0	325.1675806045532
37	-1440.8209	106.465126	-1271.951	-1721.0374	200.0	-728.044	0.00013689892	-728.0433	-728.0441	456000	-1.3987223e-08	148271.12	-0.0018699557	-137.57812	1.0718505	0.0026764374	0.017416667	79.0	333.93163228034973
38	-1478.1426	89.02901	-1295.1903	-1742.6589	200.0	-720.71765	7.884528e-05	-720.71686	-720.7176	468000	4.7683715e-09	153568.98	-0.0017949775	-11.3125	1.076499	0.0027131615	0.015	79.0	342.80823731422424
39	-1450.7494	121.64594	-1109.992	-1852.7406	200.0	-722.5858	8.346246e-05	-722.58514	-722.5859	480000	8.90096e-09	149937.12	-0.0022738148	-9.765625	1.0704176	0.0043363865	0.023166666	79.0	351.53440618515015
40	-1494.7772	81.7957	-1346.7262	-1689.8761	200.0	-720.7044	0.0001230001	-720.7039	-720.7045	492000	-6.357829e-09	156449.4	-0.0023988718	-66.15625	1.0845449	0.003513752	0.018333333	79.0	360.4627242088318
41	-1503.504	100.7728	-1295.8604	-1723.0065	200.0	-725.8405	0.0001303652	-725.8398	-725.8404	504000	-2.22524e-08	159048.95	-0.0018569005	-56.828125	1.0669398	0.0024492473	0.01275	79.0	369.1681890487671
42	-1474.5034	70.01711	-1315.1305	-1630.548	200.0	-730.9081	7.959961e-05	-730.90735	-730.908	516000	-1.2715657e-09	153475.4	-0.002769709	-1.546875	1.0610136	0.004022979	0.030333333	79.0	377.8909046649933
43	-1494.6896	106.71848	-1210.1221	-1755.4814	200.0	-730.1891	5.4920336e-05	-730.1885	-730.1891	528000	-7.629395e-09	158289.06	-0.0023832987	-76.4375	1.0507334	0.0029056785	0.027083334	79.0	386.6261463165283
44	-1477.5741	92.83148	-1234.6423	-1654.9941	200.0	-736.096	0.00012278918	-736.09564	-736.0961	540000	1.3987223e-08	153844.25	-0.0024780312	-42.734375	1.052257	0.003658956	0.018916667	79.0	395.3040313720703
45	-1497.3542	93.7562	-1349.8286	-1787.639	200.0	-731.71185	0.0001297015	-731.7112	-731.71173	552000	1.9073486e-08	158034.95	-0.002378694	-20.609375	1.0327384	0.003533233	0.022	79.0	404.06218338012695
46	-1488.0509	110.03868	-1242.8389	-1748.2252	200.0	-734.8065	0.00013029136	-734.80597	-734.8064	564000	1.7484028e-08	157003.98	-0.0028511868	-0.703125	1.051474	0.00505509	0.030083334	79.0	412.82931685447693
47	-1497.8992	103.39636	-1272.1378	-1685.5826	200.0	-734.27814	0.00012221264	-734.27783	-734.27826	576000	1.2715657e-09	158997.36	-0.0020606022	-14.65625	1.0493829	0.0031163616	0.019416668	79.0	421.5468385219574
48	-1504.6241	80.741684	-1323.516	-1715.959	200.0	-737.06934	6.5717984e-05	-737.06885	-737.0694	588000	1.4305114e-08	159463.31	-0.0021631282	-5.875	1.0349461	0.0036216294	0.023333333	79.0	430.313752412796
49	-1459.2972	85.36906	-1263.9835	-1636.2896	200.0	-738.9385	3.023654e-05	-738.9381	-738.9385	600000	5.086263e-09	150625.47	-0.0023490149	-230.01562	1.0530798	0.004226426	0.0225	79.0	438.9922568798065
50	-1512.0703	91.3863	-1284.0359	-1747.9227	200.0	-727.4112	0.00012303669	-727.4109	-727.4113	612000	8.265177e-09	160291.88	-0.0029252972	-175.01562	1.038007	0.0043265694	0.027583333	79.0	448.01419734954834
51	-1497.8695	90.398056	-1313.847	-1711.0096	200.0	-737.485	2.5417068e-05	-737.4846	-737.485	624000	-4.45048e-09	158100.36	-0.0046434533	-1.953125	1.0336062	0.0039785383	0.033833332	79.0	456.75535559654236
52	-1500.784	79.47266	-1353.8187	-1641.923	200.0	-738.7616	0.00012556417	-738.7611	-738.7615	636000	1.2715658e-08	158141.7	-0.0024730593	-0.109375	1.05438	0.0043452187	0.021416666	79.0	465.51038670539856
53	-1478.5123	106.41628	-1224.0752	-1690.7167	200.0	-738.5155	0.00013145723	-738.515	-738.5154	648000	5.086263e-09	154906.31	-0.002309598	-36.34375	1.0654097	0.003964002	0.024666667	79.0	474.23744106292725
54	-1485.4164	105.479164	-1194.9819	-1657.7324	200.0	-733.58	0.00012711588	-733.5796	-733.5799	660000	-6.6757204e-09	155841.0	-0.0031006846	-0.875	1.0771884	0.0034964792	0.027083334	79.0	482.94887590408325
55	-1488.7655	103.93244	-1233.7478	-1668.2634	200.0	-734.31085	6.473276e-05	-734.31055	-734.3109	672000	-2.5431315e-09	155336.62	-0.0029668312	-6.640625	1.096938	0.0040638167	0.0295	79.0	491.6506361961365
56	-1488.0826	86.59892	-1285.6904	-1671.8083	200.0	-732.14124	6.32237e-05	-732.141	-732.1412	684000	2.0980835e-08	155098.28	-0.0028027955	-2.875	1.1106607	0.0040168203	0.02725	79.0	500.364520072937
57	-1498.534	91.909035	-1277.2886	-1661.1068	200.0	-733.57916	0.00018190882	-733.57904	-733.57935	696000	-1.2079875e-08	157888.47	-0.0026239008	-42.859375	1.1218315	0.0046412027	0.023083333	79.0	509.1498465538025
58	-1479.1884	120.380455	-1224.0194	-1652.3876	200.0	-739.3082	6.6139415e-05	-739.3079	-739.30817	708000	-9.536743e-09	154284.48	-0.003053433	-190.15625	1.135976	0.0036093623	0.024916667	79.0	517.8355259895325
59	-1455.447	93.073654	-1237.7986	-1634.4525	200.0	-727.1305	6.788818e-05	-727.13007	-727.13043	720000	2.5431315e-09	149349.2	-0.0027796836	-89.046875	1.1223722	0.003936966	0.020916667	79.0	526.6032710075378
60	-1449.3157	120.04189	-1210.2377	-1781.7233	200.0	-718.57135	6.468239e-05	-718.5711	-718.5713	732000	-6.357829e-09	148849.9	-0.0035091226	-7.609375	1.1425277	0.0058666673	0.032916665	79.0	535.6243817806244
61	-1464.8002	110.438965	-1268.8857	-1729.3041	200.0	-716.01434	0.00012813871	-716.014	-716.0142	744000	-2.415975e-08	151077.9	-0.0031366323	-41.125	1.1249287	0.0048096925	0.027333334	79.0	544.2909591197968
62	-1465.3716	91.698425	-1244.7147	-1685.1538	200.0	-721.92615	0.00012105391	-721.9261	-721.9263	756000	1.8437703e-08	150353.9	-0.003574651	-19.40625	1.1173488	0.0049162237	0.027583333	79.0	552.9681947231293
63	-1435.3964	103.600685	-1232.6366	-1760.8392	200.0	-717.82715	1.0364002e-05	-717.827	-717.82715	768000	6.9936115e-09	145797.3	-0.004479375	-138.64062	1.1105437	0.0049398425	0.031833332	79.0	561.6351337432861
64	-1454.0525	107.18658	-1186.6527	-1678.978	200.0	-706.6768	0.000120645476	-706.6767	-706.67694	780000	-7.947286e-09	148232.62	-0.0030017404	-0.65625	1.1076158	0.003159457	0.02625	79.0	570.3183131217957
65	-1417.109	89.33228	-1176.637	-1630.6241	200.0	-707.4281	0.00012095643	-707.42804	-707.4282	792000	-1.2715658e-08	141779.1	-0.0033181543	-40.578125	1.0887386	0.004324171	0.02775	79.0	579.0599601268768
66	-1430.1897	99.05049	-1210.8588	-1618.6632	200.0	-701.2763	0.00018225834	-701.27637	-701.2765	804000	-8.265177e-09	143687.27	-0.0036775183	-8.21875	1.0939947	0.0054433653	0.034083333	79.0	587.8215491771698
67	-1445.798	94.85169	-1232.1606	-1672.8107	200.0	-704.06635	6.430935e-05	-704.0661	-704.0663	816000	6.357829e-09	146783.64	-0.0035260736	-47.765625	1.0643827	0.0057110763	0.03125	79.0	596.4993753433228
68	-1463.1727	86.709076	-1250.0538	-1635.9603	200.0	-710.8695	6.0923157e-05	-710.86945	-710.86957	828000	2.5431315e-09	149711.81	-0.0043994137	-14.3125	1.0738195	0.004294433	0.033666667	79.0	605.2326619625092
69	-1448.9012	88.36546	-1235.4836	-1602.5472	200.0	-714.6247	0.00012306949	-714.62445	-714.6246	840000	2.0980835e-08	146942.8	-0.003151583	-37.296875	1.059435	0.0046295403	0.026083333	79.0	613.9643313884735
70	-1456.8741	82.758224	-1260.2047	-1611.979	200.0	-708.52734	0.00012334161	-708.52704	-708.5272	852000	-1.0172526e-08	148586.31	-0.0030605013	-2.421875	1.0543178	0.0031433403	0.024333334	79.0	622.9722037315369
71	-1447.0072	74.279915	-1256.1345	-1601.0308	200.0	-710.0919	0.00012193163	-710.0918	-710.09204	864000	-1.2397766e-08	146403.81	-0.0025139255	-14.875	1.0573114	0.0032378903	0.018666666	79.0	631.7419476509094
72	-1434.3821	92.53644	-1057.6643	-1578.3359	200.0	-706.19916	1.1988916e-05	-706.19904	-706.19916	876000	3.8146974e-09	144616.08	-0.003967237	-12.0625	1.0359418	0.005134989	0.034	79.0	640.4459915161133
73	-1417.6404	94.53468	-1235.3942	-1609.2609	200.0	-702.6793	0.00012272975	-702.6791	-702.6792	888000	1.0172526e-08	140753.03	-0.0028306416	-83.1875	1.0612645	0.0035274632	0.023583334	79.0	649.0864932537079
74	-1431.5602	99.23177	-1206.2384	-1592.871	200.0	-693.4033	0.000121661455	-693.4032	-693.40344	900000	1.2715657e-09	143631.7	-0.0030883986	-16.9375	1.0801524	0.0044178325	0.0255	79.0	657.8463501930237
75	-1430.0835	98.99664	-1131.1136	-1616.3295	200.0	-697.59827	6.1687795e-05	-697.59814	-697.5982	912000	-4.1325885e-09	143376.23	-0.0043670065	0.0	1.0802399	0.0052146898	0.04075	79.0	666.5225043296814
76	-1415.4172	96.50801	-1179.2299	-1573.7462	200.0	-697.681	9.553513e-06	-697.68085	-697.681	924000	6.6757204e-09	139862.5	-0.002833359	-77.265625	1.0637982	0.00431266	0.024583334	79.0	675.1838047504425
77	-1397.9298	96.98827	-1204.4039	-1558.6987	200.0	-688.7011	6.2258856e-05	-688.701	-688.70105	936000	2.5431315e-09	136349.33	-0.003588359	-63.40625	1.0767953	0.004658229	0.032583334	79.0	683.8295488357544
78	-1394.4225	98.55256	-1043.0526	-1572.5216	200.0	-680.56445	6.074966e-05	-680.5644	-680.5645	948000	8.424123e-09	135789.3	-0.0027720553	-5.640625	1.0661237	0.003650882	0.023666667	79.0	692.5288381576538
79	-1353.8524	117.019356	-1032.2153	-1545.001	200.0	-678.1388	0.00012177495	-678.1388	-678.1389	960000	3.3378602e-09	128974.72	-0.0038726146	-174.96094	1.0890373	0.003073347	0.03375	79.0	701.2515163421631
80	-1374.7157	94.4406	-1197.6227	-1589.2244	200.0	-664.6544	6.0864528e-05	-664.65436	-664.6545	972000	-6.0399374e-09	131181.55	-0.003609667	-26.53125	1.0736852	0.004950731	0.031	79.0	710.3334903717041
81	-1349.7234	122.84984	-1075.2544	-1542.6377	200.0	-669.89026	6.0833918e-05	-669.8901	-669.8903	984000	-2.2888184e-08	127808.16	-0.0037575003	-89.625	1.0764006	0.0048164027	0.030916667	79.0	719.2555887699127
82	-1348.8116	131.0596	-1056.9409	-1576.3258	200.0	-660.2841	1.5600823e-05	-660.28394	-660.2841	996000	-1.0172526e-08	128796.12	-0.0037701142	-0.03125	1.0763878	0.0029653988	0.03025	79.0	728.3866732120514
83	-1369.0482	127.75822	-1085.6133	-1559.4503	200.0	-660.4203	5.401985e-06	-660.4202	-660.4203	1008000	-8.265177e-09	132226.16	-0.003689308	-23.71875	1.0683229	0.0055216476	0.032083333	79.0	737.4475524425507
84	-1363.7383	132.66562	-859.62103	-1570.4375	200.0	-665.33435	6.639473e-06	-665.3342	-665.33435	1020000	7.629395e-09	131326.38	-0.004054326	-36.15625	1.0603559	0.0058341925	0.035916667	79.0	746.1620259284973
85	-1327.6775	138.26524	-1057.7399	-1786.1923	200.0	-659.2913	6.204407e-06	-659.2912	-659.2913	1032000	1.9709269e-08	126246.46	-0.003191309	-181.46094	1.0573015	0.003360742	0.024083333	79.0	754.8111281394958
86	-1324.3468	133.69902	-799.92816	-1587.5309	200.0	-645.79095	6.6628104e-06	-645.7908	-645.79095	1044000	-7.629395e-09	124238.125	-0.003237466	-1.921875	1.0553187	0.0044746636	0.028	79.0	763.5686526298523
87	-1336.7893	123.738396	-1055.637	-1564.7242	200.0	-644.40393	3.5238663e-06	-644.4039	-644.40393	1056000	-2.1616618e-08	125963.35	-0.0039593684	0.0	1.0498818	0.006211893	0.036333334	79.0	772.2948551177979
88	-1271.1128	140.53877	-966.2379	-1505.3837	200.0	-644.38837	1.642477e-05	-644.3882	-644.38837	1068000	6.9936115e-09	116438.25	-0.0041634794	-642.09375	1.0570762	0.0044471812	0.030083334	79.0	780.9965088367462
89	-1270.8375	192.27501	-646.88605	-1641.0911	200.0	-619.22375	0.00012041624	-619.22375	-619.2239	1080000	-7.629395e-09	118546.21	-0.0038511555	-22.59375	1.0463868	0.0039831153	0.029	79.0	789.7399759292603
90	-1291.1273	165.58109	-933.0841	-1519.3319	200.0	-614.5147	6.1024984e-05	-614.5147	-614.5148	1092000	-5.086263e-09	119854.21	-0.0041039595	-79.83594	1.0351746	0.0051042438	0.032083333	79.0	798.8253636360168
91	-1261.5385	145.54749	-841.7726	-1521.659	200.0	-623.3399	1.3031161e-05	-623.33984	-623.3399	1104000	5.086263e-09	113543.85	-0.0037851778	-150.95312	1.0354954	0.0049654823	0.034083333	79.0	807.5638346672058
92	-1225.3165	169.4578	-649.75806	-1509.608	200.0	-611.2266	6.0831364e-05	-611.2266	-611.2267	1116000	7.629395e-09	109375.07	-0.0048070448	-385.46094	1.0323895	0.004602017	0.03725	79.0	816.2366714477539
93	-1279.0413	196.36809	-747.864	-1521.6814	200.0	-591.8939	6.1035156e-05	-591.894	-591.894	1128000	5.086263e-09	120788.88	-0.0049792784	-407.42188	1.0316634	0.004848504	0.037666667	79.0	824.9739737510681
94	-1233.0369	245.81432	-633.637	-1624.0022	200.0	-611.75183	0.00012810115	-611.75165	-611.7517	1140000	-7.629395e-09	119745.96	-0.0036899592	-521.46875	1.008674	0.0035967769	0.037416667	79.0	833.7152526378632
95	-1262.0671	204.83064	-697.19415	-1528.4281	200.0	-589.29626	5.979161e-05	-589.2962	-589.2963	1152000	1.7166137e-08	118800.234	-0.0033525995	-79.6875	0.9974113	0.0027340746	0.023833333	79.0	842.5020439624786
96	-1170.9437	260.6751	-635.6647	-1769.7812	200.0	-598.0709	7.4145784e-05	-598.0708	-598.07086	1164000	-1.3987223e-08	113233.11	-0.003915533	-2008.1562	0.9966437	0.0029842444	0.029833334	79.0	851.24498462677
97	-1168.0065	217.49281	-641.8715	-1534.7612	200.0	-554.49	0.0006209593	-554.48444	-554.49005	1176000	0.0	104713.79	-0.00436381	-0.71875	0.98589396	0.0041468535	0.034083333	79.0	860.0296013355255
98	-1197.5249	231.62102	-643.60376	-1638.3889	200.0	-553.77356	0.0034891278	-553.73456	-553.7741	1188000	-1.0172526e-08	113392.21	-0.0040344163	-7022.4062	0.9639932	0.0037489515	0.033083335	79.0	868.840656042099
99	-1149.2992	219.88837	-632.7807	-1578.998	200.0	-542.9765	79.13764	-278.42047	-606.20605	1200000	-7.947286e-09	97209.93	-0.003190252	-890.03906	0.98062676	0.0035264315	0.0255	79.0	877.6291842460632
100	-1176.5292	226.01938	-645.51996	-1487.9972	200.0	-542.36584	87.13066	-295.88168	-610.49976	1212000	-1.2715658e-08	97133.25	-0.0048307497	-8182.1484	0.97429365	0.0051522003	0.035916667	79.0	886.7185781002045
101	-1111.4653	245.04361	-668.3091	-1498.5419	200.0	-523.9535	102.18575	-343.2922	-675.06616	1224000	3.1789144e-10	83687.414	-0.0045652557	-8564.0625	0.97131395	0.0025317068	0.045	79.0	895.4698963165283
102	-1068.8651	241.46301	-632.5634	-1461.1466	200.0	-494.402	121.74585	-315.77527	-771.67993	1236000	-7.629395e-09	63729.523	-0.0029371711	-5746.324	0.9589637	0.003966347	0.023166666	79.0	904.1744163036346
103	-1084.9673	241.59962	-646.7856	-1458.0121	200.0	-484.42874	154.37529	-254.21281	-859.9229	1248000	-9.536743e-09	61587.895	-0.0041217925	-4709.539	0.9584046	0.0045800405	0.037333332	79.0	912.9594376087189
104	-1067.6016	247.55351	-645.21625	-1478.1113	200.0	-493.36438	194.8165	-154.92328	-918.0068	1260000	0.0	56257.727	-0.004955668	-2405.332	0.9568968	0.002784401	0.046583332	79.0	921.6786570549011
105	-1051.86	230.5567	-734.7432	-1443.586	200.0	-473.04233	177.00137	-192.25377	-953.5874	1272000	-1.525879e-08	52867.707	-0.0032479477	-2948.0977	0.93555915	0.0032435402	0.028416667	79.0	930.4054682254791
106	-1014.8642	242.88037	-757.8558	-1560.5914	200.0	-456.93085	196.00533	-251.99442	-975.09705	1284000	1.1444092e-08	50798.23	-0.0039553796	-2605.8047	0.94272053	0.003685697	0.0345	79.0	939.163369178772
107	-1019.495	222.87346	-751.6495	-1465.3057	200.0	-467.59235	163.78326	-283.98874	-1001.4402	1296000	-1.8437703e-08	45120.01	-0.0036788248	-4983.5312	0.92858493	0.00468786	0.033833332	79.0	947.8872909545898
108	-994.5244	212.29263	-641.46423	-1521.2029	200.0	-434.8947	199.51816	-228.76439	-1007.35187	1308000	-1.2715658e-08	41919.402	-0.005172548	-1667.3633	0.9221575	0.0041327183	0.047666665	79.0	956.6102530956268
109	-1004.8406	220.21318	-756.9653	-1381.5166	200.0	-458.14584	208.20506	-134.07764	-1021.98883	1320000	-2.5431316e-08	40566.1	-0.003999613	-2319.5977	0.9128195	0.004138538	0.03575	79.0	965.3860170841217
110	-1000.44855	215.73451	-685.9098	-1415.2633	200.0	-455.36407	200.04948	-235.31282	-1029.2623	1332000	-1.0490417e-08	38507.33	-0.0042248154	-1165.0898	0.9115117	0.005672183	0.040083334	79.0	974.4532468318939
111	-967.92444	200.1292	-669.9593	-1378.5481	200.0	-438.6284	182.31393	-230.32957	-1035.1108	1344000	2.5431315e-09	35375.887	-0.0043140906	-1794.7383	0.8864969	0.004023169	0.039416667	79.0	983.1268866062164
112	-948.76215	180.73288	-748.73975	-1436.5028	200.0	-401.67868	191.28632	-27.360804	-1026.5247	1356000	-2.5431315e-09	35449.97	-0.0036320928	-2278.3398	0.86307406	0.004592516	0.028916666	79.0	991.9314870834351
113	-961.9978	167.28467	-651.96967	-1294.1077	200.0	-438.5827	183.99567	-208.77246	-1032.838	1368000	-6.9936115e-09	32490.436	-0.0037307492	-1930.9316	0.88784415	0.004194061	0.02925	79.0	1000.691535949707
114	-961.40076	198.12303	-756.9876	-1428.885	200.0	-422.88022	213.51134	-237.6982	-1031.8018	1380000	-2.5431315e-09	33311.504	-0.0032533442	-1563.4883	0.86466974	0.0032252967	0.0285	79.0	1009.3294496536255
115	-925.18634	152.92969	-749.2329	-1288.2179	200.0	-403.73343	168.02322	-239.2728	-1034.4491	1392000	1.4623006e-08	32740.766	-0.0055013155	-1918.998	0.86150616	0.0039367746	0.053916667	79.0	1018.0482869148254
116	-892.68066	151.28227	-641.509	-1254.8453	200.0	-397.38492	177.14925	-238.64977	-1029.738	1404000	-2.5431315e-09	25505.125	-0.00424004	-2050.336	0.84123486	0.0029963353	0.03358333	79.0	1026.82302236557
117	-916.9198	141.71193	-749.47296	-1248.4563	200.0	-413.03583	196.84116	-226.43066	-1027.2742	1416000	1.0172526e-08	26391.506	-0.00379274	-1768.4023	0.8484874	0.0045727766	0.041583333	79.0	1035.5808041095734
118	-891.1228	131.2873	-643.5305	-1144.1926	200.0	-382.40283	180.45207	-204.153	-1004.2197	1428000	5.086263e-09	24412.592	-0.004478785	-1205.4883	0.83319366	0.0050950483	0.04458333	79.0	1044.4838509559631
119	-869.5701	118.91047	-639.6584	-1267.0962	200.0	-375.467	177.63756	-202.41092	-985.8287	1440000	-1.2715658e-08	23837.553	-0.0033410294	-862.2676	0.83523846	0.002336976	0.030833334	79.0	1053.2680735588074
120	-873.4268	127.38476	-633.8312	-1133.066	200.0	-379.36945	171.30655	-194.12338	-968.7919	1452000	-1.0172526e-08	21485.469	-0.0043038023	-1181.4824	0.8278473	0.004839499	0.04125	79.0	1062.3312232494354
121	-895.14435	115.849976	-638.9263	-1150.2206	200.0	-378.8764	196.22108	-184.89232	-958.9345	1464000	-2.5431315e-09	23984.496	-0.003341385	-1114.832	0.8000449	0.0026372042	0.0295	79.0	1071.0025370121002
122	-870.0506	96.323845	-662.66583	-1100.0167	200.0	-365.99133	156.43591	-166.76254	-947.5663	1476000	-1.0172526e-08	26710.914	-0.003484212	-1292.0156	0.7903006	0.004499044	0.039666668	79.0	1079.76331448555
123	-849.92755	109.39342	-639.2949	-1114.0077	200.0	-392.61792	168.04198	-212.04935	-951.3015	1488000	-5.086263e-09	22521.477	-0.0033963623	-803.0488	0.78597003	0.004677635	0.031666666	79.0	1088.4841845035553
124	-832.4405	97.84898	-633.64453	-1059.9493	200.0	-365.2621	158.05908	-199.97646	-944.4625	1500000	0.0	23612.322	-0.0033648072	-653.07227	0.76829916	0.0048474707	0.0325	79.0	1097.2847573757172
125	-858.7526	105.87862	-655.6391	-1101.098	200.0	-383.33334	169.5426	-192.62108	-958.14935	1512000	-5.086263e-09	20942.41	-0.0038836924	-870.0137	0.7664624	0.0060565635	0.042833332	79.0	1106.018836736679
126	-831.9711	104.89287	-637.254	-1043.7517	200.0	-354.2775	165.09769	-182.3347	-960.7828	1524000	1.0172526e-08	24432.496	-0.002950226	-985.15234	0.75658005	0.002755903	0.03175	79.0	1114.773050069809
127	-835.3253	90.54072	-632.96234	-1016.42365	200.0	-374.1369	149.77148	-227.42363	-929.90094	1536000	-8.90096e-09	22356.217	-0.003316966	-1168.5508	0.73789895	0.003784229	0.032	79.0	1123.5441737174988
128	-819.7574	94.34802	-635.01154	-1025.312	200.0	-368.64508	161.41887	-215.58293	-915.132	1548000	-7.629395e-09	22958.965	-0.004158033	-877.47656	0.71647996	0.0050311075	0.038083334	79.0	1132.232076883316
129	-798.47754	104.09176	-631.6736	-1075.7039	200.0	-359.4985	157.6152	-224.94391	-891.2824	1560000	-6.357829e-09	19339.357	-0.00509243	-1067.709	0.72530633	0.004788815	0.05025	79.0	1140.9799909591675
130	-801.1229	102.7251	-633.23975	-1098.5846	200.0	-348.25027	170.99529	-207.53459	-895.68396	1572000	-2.0345052e-08	20092.297	-0.0046690623	-1088.3906	0.69496596	0.0037534612	0.050666668	79.0	1149.9974374771118
131	-800.864	101.66219	-630.4592	-996.4396	200.0	-351.06845	156.53534	-209.71774	-895.88837	1584000	2.5431315e-09	17084.758	-0.00309014	-616.9551	0.6967274	0.005800186	0.046833333	79.0	1158.6654925346375
132	-782.3737	111.7248	-610.16846	-1041.2971	200.0	-340.68173	163.97752	-199.31676	-910.0982	1596000	1.9073486e-08	16780.09	-0.004057433	-975.11426	0.69641376	0.0038364048	0.041083332	79.0	1167.3782887458801
133	-762.67163	104.966194	-630.8947	-1055.0533	200.0	-318.27542	152.38959	-191.30998	-915.8205	1608000	1.1444092e-08	17184.424	-0.0026694909	-510.9707	0.6844545	0.0026001476	0.029083334	79.0	1176.1024312973022
134	-781.4539	106.43529	-628.02716	-1017.29236	200.0	-347.88486	162.50449	-207.64272	-914.30286	1620000	2.5431315e-09	15206.237	-0.0037475612	-587.833	0.6809589	0.005948592	0.046083335	79.0	1184.8552985191345
135	-779.3888	112.22951	-629.3874	-1108.7528	200.0	-332.6143	168.87753	-183.42741	-916.29156	1632000	-1.2715657e-09	14982.091	-0.004032052	-555.2412	0.67010325	0.0036196003	0.038416665	79.0	1193.5543036460876
136	-767.5408	98.39791	-629.49646	-985.0853	200.0	-321.55908	158.0413	-177.63467	-863.77185	1644000	-2.5431315e-09	14106.825	-0.0036273932	-508.77148	0.64366734	0.0049762963	0.044166666	79.0	1202.3040130138397
137	-762.50354	97.48321	-620.18884	-980.0109	200.0	-315.252	166.42165	-173.57271	-886.13837	1656000	7.629395e-09	14794.862	-0.0029559263	-627.95605	0.6415083	0.0025388815	0.033916667	79.0	1211.043174982071
138	-758.8016	91.01883	-631.2064	-925.729	200.0	-310.54126	155.90804	-180.48837	-824.8962	1668000	8.90096e-09	14468.192	-0.0038122	-945.38477	0.6299327	0.0050305277	0.039166667	79.0	1219.818704366684
139	-768.0914	102.98056	-627.4737	-955.8567	200.0	-334.88174	162.39488	-189.55649	-835.27844	1680000	-1.525879e-08	15862.369	-0.0039749197	-685.6719	0.6014378	0.0042751185	0.040416665	79.0	1228.5380508899689
140	-737.6952	96.81504	-628.4905	-947.493	200.0	-305.69388	145.84656	-186.64682	-821.63025	1692000	-2.5431315e-09	17082.04	-0.0028589198	-588.1699	0.60007656	0.004793199	0.02875	79.0	1237.74476146698
141	-738.50665	82.322495	-631.399	-916.5235	200.0	-315.35913	143.21567	-190.96478	-825.47406	1704000	-3.8146974e-09	15169.074	-0.0030986292	-434.33984	0.5823945	0.003323352	0.031666666	79.0	1246.5414781570435
142	-735.3248	85.50476	-629.6664	-931.46295	200.0	-310.40036	138.63945	-182.1653	-822.4149	1716000	0.0	16411.89	-0.0039647063	-506.02148	0.58024514	0.0036205691	0.041083332	79.0	1255.3119103908539
143	-756.60144	103.77269	-627.63525	-1010.9125	200.0	-328.2633	153.74112	-206.00478	-832.1447	1728000	-5.086263e-09	15676.251	-0.0033901595	-409.48535	0.58316296	0.0034362497	0.034583334	79.0	1264.0595860481262
144	-730.601	91.93209	-627.9721	-927.51605	200.0	-314.3387	139.05602	-206.68253	-848.00226	1740000	2.5431315e-09	17034.566	-0.0020986963	-349.13477	0.5695008	0.0030582794	0.028	79.0	1272.7513995170593
145	-721.6442	85.87623	-628.95306	-959.8425	200.0	-309.4173	132.03738	-201.56876	-824.8112	1752000	1.9073486e-08	17380.324	-0.0020377794	-343.63477	0.5569106	0.0015676087	0.025	79.0	1281.492099761963
146	-738.9456	83.95005	-632.7007	-908.7006	200.0	-334.28763	142.51245	-205.22643	-839.75525	1764000	1.525879e-08	17517.008	-0.0030227	-1038.957	0.5440409	0.0037655595	0.03525	79.0	1290.1931953430176
147	-743.55145	84.509674	-627.82434	-918.3733	200.0	-316.7336	141.96272	-191.76936	-821.0064	1776000	-1.2715657e-09	17185.01	-0.0035226683	-516.4082	0.5414968	0.0042964583	0.033	79.0	1298.8850076198578
148	-743.33685	85.50699	-632.18726	-894.59766	200.0	-336.7799	145.03264	-195.2179	-812.373	1788000	-3.8146974e-09	17105.195	-0.003819851	-772.15137	0.54435146	0.004283995	0.037666667	79.0	1307.6614542007446
149	-724.0887	84.66135	-632.28406	-954.7694	200.0	-305.89737	131.0772	-191.926	-803.74744	1800000	3.8146974e-09	18385.812	-0.0032486692	-466.9746	0.51521754	0.0037757657	0.03825	79.0	1316.4155523777008
150	-735.0299	81.51176	-630.5389	-898.42456	200.0	-331.2446	136.55644	-200.61119	-851.40356	1812000	6.3578287e-10	17054.201	-0.004471874	-672.7256	0.5095269	0.0050187116	0.044	79.0	1325.5455939769745
151	-745.42145	83.968445	-627.1121	-914.9032	200.0	-324.40173	148.47356	-182.46318	-804.98334	1824000	0.0	16311.131	-0.0030365358	-246.07324	0.4875437	0.0047232215	0.035166666	79.0	1334.280484676361
152	-725.57	91.906364	-628.94006	-941.9486	200.0	-314.9775	139.9997	-177.28465	-817.916	1836000	0.0	17002.152	-0.003673013	-299.5293	0.47477198	0.0023984697	0.036333334	79.0	1342.9908483028412
153	-715.60095	86.377304	-626.1497	-960.21906	200.0	-304.72824	126.66806	-184.07008	-800.40497	1848000	-2.5431315e-09	18233.857	-0.0022806383	-587.43945	0.4738637	0.0032003059	0.032833334	79.0	1351.6904466152191
154	-720.8256	72.633965	-626.95166	-863.98755	200.0	-313.88626	132.69516	-186.87756	-811.8063	1860000	-1.2715658e-08	17773.352	-0.002657425	-435.7832	0.45783877	0.002619767	0.032833334	79.0	1360.4675295352936
155	-715.40607	61.148674	-624.53033	-908.5395	200.0	-314.41565	127.46792	-188.55226	-779.48395	1872000	-2.0345052e-08	17168.145	-0.0033579154	-252.66016	0.4508482	0.003123727	0.035166666	79.0	1369.2084982395172
156	-703.13306	72.1749	-628.89197	-876.3045	200.0	-302.02542	125.09276	-182.98074	-765.7799	1884000	5.086263e-09	18729.557	-0.0025539997	-263.01562	0.45279306	0.0025068761	0.027083334	79.0	1377.9120314121246
157	-699.6659	79.64787	-623.6181	-921.2511	200.0	-310.66336	118.20124	-193.20001	-761.9137	1896000	-3.8146974e-09	19993.703	-0.0026108068	-658.7012	0.44931054	0.001924278	0.0265	79.0	1386.6073439121246
158	-719.4236	83.68679	-609.5222	-942.5523	200.0	-325.9324	133.37286	-188.40211	-821.67847	1908000	-1.5894573e-08	17114.285	-0.0026061714	-601.52344	0.45359078	0.0028099238	0.025083333	79.0	1395.3649439811707
159	-714.1335	80.111786	-627.59863	-897.3071	200.0	-305.86853	125.19538	-189.48128	-785.302	1920000	-1.3987223e-08	17627.14	-0.003048275	-438.22266	0.42599174	0.002955059	0.036083333	79.0	1404.1476039886475
160	-706.22235	74.560936	-625.1032	-872.0244	200.0	-310.7862	126.5574	-183.15262	-794.5426	1932000	-2.5431315e-09	17424.236	-0.0029589054	-415.1211	0.44276896	0.0045093177	0.02775	79.0	1413.2160453796387
161	-709.60657	73.52292	-627.05914	-873.4536	200.0	-314.64218	130.26909	-187.5662	-783.893	1944000	-1.8437703e-08	16393.703	-0.002446225	-303.1084	0.43499553	0.0036589946	0.02525	79.0	1421.9588298797607
162	-708.96606	60.32215	-623.5994	-865.11774	200.0	-308.0351	126.42493	-183.45074	-772.8789	1956000	1.1761983e-08	16777.275	-0.0028754063	-227.4375	0.407372	0.0044846833	0.028333334	79.0	1430.723262310028
163	-698.0358	70.5343	-524.898	-883.10626	200.0	-310.81067	123.13896	-193.3845	-755.7398	1968000	8.90096e-09	18846.203	-0.0040446203	-523.17773	0.41970423	0.0046382025	0.044416666	79.0	1439.414998292923
164	-707.52795	76.56215	-626.235	-925.3932	200.0	-317.27112	130.58607	-190.91335	-770.1632	1980000	-1.525879e-08	16299.894	-0.0037797913	-622.5908	0.38984782	0.004927178	0.04375	79.0	1448.029303073883
165	-694.2653	67.57252	-622.856	-854.6439	200.0	-290.7838	121.03461	-178.51848	-752.3466	1992000	5.086263e-09	18386.562	-0.00297642	-513.4238	0.37065607	0.0040836767	0.023666667	79.0	1456.7666990756989
166	-704.1418	73.913994	-626.2273	-894.3715	200.0	-303.7843	122.31487	-188.4563	-769.95013	2004000	-2.5431315e-09	17888.271	-0.0028664677	-322.32617	0.37224525	0.0029968214	0.0235	79.0	1465.5163819789886
167	-694.093	64.40699	-625.09607	-848.4037	200.0	-307.14917	119.12268	-207.82524	-795.7476	2016000	-8.90096e-09	17117.877	-0.0029252542	-324.20703	0.36718917	0.0041808067	0.031833332	79.0	1474.2797384262085
168	-681.3655	60.319977	-601.77185	-882.0555	200.0	-301.12878	110.46069	-194.28125	-749.2956	2028000	-1.2715657e-09	18631.666	-0.0046239635	-489.6172	0.3572361	0.005859272	0.05466667	79.0	1483.0683283805847
169	-709.23846	61.999268	-623.6248	-879.0757	200.0	-324.1885	131.33951	-201.96799	-772.83527	2040000	-2.1616618e-08	15657.688	-0.0026797336	-571.374	0.33252147	0.0039312975	0.03275	79.0	1491.782113313675
170	-716.5687	70.19793	-627.34424	-867.9263	200.0	-305.9308	131.68584	-188.04684	-785.0549	2052000	-1.1444092e-08	16421.615	-0.0030903614	-325.61523	0.3244502	0.0048912587	0.036333334	79.0	1500.8767743110657
171	-700.7592	68.94386	-623.0201	-880.3866	200.0	-308.70166	124.35514	-197.03008	-765.1267	2064000	-2.0345052e-08	16173.53	-0.0027645365	-225.74902	0.32157207	0.0039887354	0.036	79.0	1509.6973011493683
172	-700.13165	63.776974	-628.85126	-845.41046	200.0	-309.97195	126.63849	-195.69162	-778.7429	2076000	-1.8437703e-08	16020.184	-0.0031096465	-325.11328	0.32480368	0.0018303123	0.034833334	79.0	1518.435108423233
173	-681.68964	64.63891	-627.8208	-834.515	200.0	-292.49683	118.50281	-187.01753	-758.42316	2088000	-7.629395e-09	17607.822	-0.0028916632	135.01172	0.2980199	0.0036991432	0.037833333	79.0	1527.301448583603
174	-699.2215	63.751198	-564.80383	-864.8374	200.0	-314.10568	121.05927	-204.06781	-741.9207	2100000	2.5431315e-09	18816.209	-0.0035098165	-1911.0938	0.2790439	0.0037931968	0.03266667	79.0	1536.2561626434326
175	-697.81366	60.167496	-622.3197	-855.1616	200.0	-307.44363	122.67829	-202.71649	-750.4966	2112000	0.0	16898.576	0.0046525015	-440.34766	0.26316527	0.009419653	0.12433334	79.0	1545.1047809123993
176	-707.35876	65.18451	-622.9845	-880.09607	200.0	-301.7881	119.371445	-210.15392	-772.3961	2124000	1.2715657e-09	17713.424	-0.0030494765	-740.2754	0.23095942	0.0032588844	0.03825	79.0	1554.0093438625336
177	-698.17035	68.28045	-603.3805	-921.9074	200.0	-304.69916	121.0579	-203.51091	-769.02734	2136000	5.086263e-09	16786.871	-0.0020470372	-270.43164	0.21841764	0.0038441718	0.024666667	79.0	1562.8716411590576
178	-700.86957	67.100044	-624.81384	-873.27466	200.0	-307.60364	124.48712	-196.5059	-798.2633	2148000	-1.0808309e-08	17609.611	-0.002953173	-379.69336	0.2048962	0.0024655743	0.02875	79.0	1571.7210774421692
179	-695.8128	56.360992	-626.74744	-865.8358	200.0	-299.2531	116.66871	-203.78178	-741.1215	2160000	1.9073486e-08	17399.732	-0.003672268	-588.7793	0.21134558	0.003603377	0.04725	79.0	1580.5490448474884
180	-678.3022	54.851074	-625.1347	-774.2609	200.0	-308.5056	112.50068	-209.1706	-724.4408	2172000	-2.5431315e-09	19226.08	-0.0038122456	-808.57227	0.20886515	0.0046548857	0.045666665	79.0	1589.7240376472473
181	-699.4778	64.96193	-623.9497	-851.4235	200.0	-313.44455	122.72369	-217.11293	-734.04474	2184000	-1.3987223e-08	16468.248	-0.0022623278	-406.09375	0.19380517	0.0035627391	0.026833333	79.0	1598.5228130817413
182	-690.99786	58.58778	-611.97974	-827.62244	200.0	-302.4904	120.41393	-204.1962	-758.68695	2196000	1.2715658e-08	16806.545	-0.0032261175	-332.32812	0.18537553	0.0039656977	0.041083332	79.0	1607.294468164444
183	-670.4021	56.346706	-513.3216	-827.38403	200.0	-298.87656	108.86959	-189.81094	-742.98334	2208000	1.0172526e-08	18351.965	-0.0032165807	-513.9883	0.171092	0.005181692	0.035666667	79.0	1616.1218423843384
184	-696.3279	60.42277	-622.21124	-870.20184	200.0	-312.84735	120.94599	-190.11551	-741.445	2220000	2.5431315e-09	17585.037	-0.0043367725	-1131.627	0.17001666	0.0039946125	0.039666668	79.0	1624.9681401252747
185	-689.6708	65.061134	-624.9964	-853.5939	200.0	-307.52505	118.41528	-209.63458	-758.5421	2232000	-1.7166137e-08	17346.371	-0.002832824	-452.0703	0.15530305	0.004978829	0.032166667	79.0	1633.7957594394684
186	-688.99133	73.08026	-551.01154	-857.3284	200.0	-310.12476	121.47274	-190.96292	-758.30396	2244000	2.5431315e-09	17113.467	-0.0027118728	-557.8633	0.15970457	0.0033572358	0.021583334	79.0	1642.5450072288513
187	-678.49915	61.203873	-624.2057	-860.83575	200.0	-301.14404	117.17458	-187.5222	-748.9038	2256000	1.525879e-08	17324.25	-0.0028119043	-394.39258	0.15563999	0.0034786784	0.030166667	79.0	1651.376038312912
188	-683.12695	61.387543	-578.0259	-852.2821	200.0	-296.9797	111.05915	-184.16655	-760.65173	2268000	-7.629395e-09	19063.07	-0.0030690562	-612.39844	0.14930432	0.002780694	0.034083333	79.0	1660.1417894363403
189	-681.26587	60.554962	-619.4624	-859.3807	200.0	-312.37793	109.281204	-217.36806	-737.71533	2280000	8.90096e-09	17976.666	-0.0027621458	-647.3086	0.12816563	0.0035990034	0.0325	79.0	1668.97167801857
190	-679.4957	60.582973	-615.6778	-853.81775	200.0	-302.5144	115.6093	-207.42805	-756.42737	2292000	1.9073487e-09	17665.855	-0.0022875855	-475.0254	0.11553741	0.0027864769	0.035666667	79.0	1678.1389739513397
191	-691.3102	70.13036	-604.8947	-861.5721	200.0	-308.22092	113.14755	-203.23248	-759.5869	2304000	-2.5431315e-09	18547.328	-0.003676831	-474.22656	0.10241676	0.0048429845	0.03875	79.0	1686.9241182804108
192	-694.7564	64.37333	-593.34985	-850.61957	200.0	-310.68204	124.23843	-205.19792	-759.6366	2316000	3.8146974e-09	17194.111	-0.0033567199	-422.24023	0.087868676	0.004924832	0.04125	79.0	1695.777444601059
193	-688.44214	79.57284	-510.8723	-879.2459	200.0	-305.2156	116.808815	-206.62941	-756.2936	2328000	-2.5431315e-09	17652.062	-0.0035677827	-492.03516	0.08753968	0.0043323976	0.040083334	79.0	1704.626936674118
194	-681.483	58.013966	-625.0343	-836.5574	200.0	-300.9105	110.51864	-213.53967	-757.5933	2340000	3.051758e-08	17611.707	-0.0041604694	-442.3789	0.08486518	0.004190548	0.048333332	79.0	1713.3819987773895
195	-678.58875	64.25334	-518.77216	-935.6268	200.0	-306.87772	112.26733	-209.10497	-753.2118	2352000	-5.086263e-09	17628.006	-0.0030042368	-263.89453	0.059388638	0.003557106	0.030416667	79.0	1722.196326971054
196	-678.8572	64.29524	-511.3242	-836.5276	200.0	-306.30707	116.44182	-185.49773	-766.3513	2364000	-7.629395e-09	16865.615	-0.002398305	-473.18945	0.07985847	0.0023370401	0.027416667	79.0	1730.984979391098
197	-691.01355	55.34679	-610.36334	-796.90875	200.0	-308.21207	120.50751	-191.34912	-737.16675	2376000	0.0	16415.293	-0.0030910238	-407.3291	0.06162554	0.0045340382	0.06666667	79.0	1739.7921795845032
198	-680.0286	62.468513	-521.9354	-844.078	200.0	-299.99164	115.6553	-190.2621	-700.4081	2388000	0.0	15709.109	-0.003188156	-272.2627	0.06629481	0.0035559558	0.037833333	79.0	1748.6452898979187
199	-657.3453	47.66654	-588.94696	-769.88696	200.0	-288.78168	103.52384	-188.71632	-723.82153	2400000	2.5431315e-09	19124.63	-0.003185435	-410.69922	0.041368607	0.0037191426	0.043333333	79.0	1757.8416595458984
